# File created = Monday, January 27, 2025 at 5:04:54 PM Greenwich Mean Time
# Data set = 2025-01-15-AH-BIO-03  100  1  /Users/alexhill/Downloads/2025-01-15-2025-01-15-AH-BIO-NMR
# Spectral Region:
# LEFT = 16.239290237426758 ppm. RIGHT = -3.8892911404150006 ppm.
#
# SIZE = 8192 ( = number of points)
#
# In the following ordering is from the 'left' to the 'right' limits!
# Lines beginning with '#' must be considered as comment lines.
#
-1.36953344E8
-1.34986368E8
-1.3354688E8
-1.31344256E8
-1.29703424E8
-1.2828416E8
-1.26806016E8
-1.25300736E8
-1.23352448E8
-1.21161856E8
-1.19442432E8
-1.17508864E8
-1.14957312E8
-1.13010944E8
-1.11515264E8
-1.0994048E8
-1.08349824E8
-1.064E8
-1.04847232E8
-1.03154816E8
-1.0140288E8
-9.9731456E7
-9.7846656E7
-9.6276992E7
-9.4270464E7
-9.2376704E7
-9.094656E7
-8.9462272E7
-8.7910528E7
-8.6136064E7
-8.4205184E7
-8.2432896E7
-8.089792E7
-7.9439744E7
-7.7836672E7
-7.5593472E7
-7.4056704E7
-7.303232E7
-7.1616768E7
-7.005312E7
-6.8352E7
-6.6741376E7
-6.5632512E7
-6.4507264E7
-6.2762752E7
-6.1395584E7
-6.0148224E7
-5.8853504E7
-5.7407232E7
-5.5588736E7
-5.4353664E7
-5.28864E7
-5.1275776E7
-5.0237312E7
-4.9499392E7
-4.8395008E7
-4.7065984E7
-4.5428864E7
-4.38048E7
-4.3376896E7
-4.2308992E7
-4.139392E7
-4.0228096E7
-3.94848E7
-3.8493952E7
-3.7121792E7
-3.6289152E7
-3.5347584E7
-3.3772928E7
-3.2937728E7
-3.2361088E7
-3.1143808E7
-3.0186624E7
-2.9888128E7
-2.8553344E7
-2.7886464E7
-2.705152E7
-2.5347072E7
-2.4684288E7
-2.4201472E7
-2.347648E7
-2.29632E7
-2.239232E7
-2.1325824E7
-2.04416E7
-1.95264E7
-1.8650624E7
-1.8328064E7
-1.789056E7
-1.6686976E7
-1.5848192E7
-1.5264E7
-1.4990976E7
-1.451008E7
-1.3817856E7
-1.3176576E7
-1.294592E7
-1.2459264E7
-1.2214272E7
-1.1816576E7
-1.1165952E7
-1.025408E7
-9368704.0
-8772736.0
-9037568.0
-8777728.0
-9300736.0
-9068800.0
-8281344.0
-7836288.0
-7358592.0
-7142016.0
-6687360.0
-6382208.0
-5777408.0
-5596288.0
-5642880.0
-5393280.0
-5100544.0
-4365824.0
-3800192.0
-3764992.0
-3657216.0
-4044032.0
-4086784.0
-4050560.0
-3979648.0
-3850112.0
-3288448.0
-2720512.0
-2690688.0
-2735232.0
-2271232.0
-1981184.0
-1873536.0
-2181248.0
-2290944.0
-1648000.0
-1624576.0
-1424896.0
-1482880.0
-1692288.0
-1176576.0
-933504.0
-1149568.0
-1432320.0
-1276800.0
-1612672.0
-1611264.0
-627072.0
134272.0
-135552.0
-480000.0
-579712.0
-90752.0
162176.0
-128256.0
-563072.0
-421376.0
-785664.0
-756992.0
-430976.0
-151040.0
51456.0
209024.0
566528.0
543616.0
303488.0
299776.0
596864.0
360832.0
153216.0
-122880.0
236928.0
401792.0
582400.0
596992.0
88064.0
-428672.0
140416.0
1180672.0
1577600.0
1137408.0
470144.0
96128.0
226304.0
278400.0
589312.0
562048.0
589696.0
820608.0
746880.0
451968.0
219264.0
52096.0
259968.0
102400.0
-429568.0
-188160.0
142976.0
841472.0
861184.0
-124160.0
-466560.0
-592384.0
-650112.0
-446464.0
-76032.0
763392.0
1217664.0
1123072.0
497280.0
694016.0
987392.0
594432.0
112512.0
152320.0
460800.0
493568.0
159616.0
-48384.0
-417664.0
-506496.0
-133760.0
-44288.0
295040.0
-35584.0
-540800.0
-372224.0
186880.0
48640.0
18048.0
693248.0
794240.0
935680.0
737024.0
408192.0
583808.0
326144.0
-7936.0
-258944.0
-317568.0
-130816.0
85120.0
-177152.0
-747136.0
-677760.0
-411648.0
318592.0
100864.0
226560.0
755072.0
414080.0
515072.0
825856.0
853248.0
423680.0
-83712.0
-764544.0
-766848.0
-781184.0
-813184.0
-783360.0
-882944.0
-604288.0
-352896.0
10752.0
-719744.0
-1083520.0
-589184.0
-313216.0
-256128.0
-373632.0
-51200.0
-466432.0
-1167232.0
-563072.0
-535680.0
-571136.0
-56832.0
144512.0
507392.0
418688.0
-26624.0
-675200.0
-1198720.0
-1013760.0
-1255936.0
-1929600.0
-1190016.0
-1121664.0
-767104.0
-277376.0
-308992.0
-106880.0
-258432.0
-323072.0
-453888.0
-437632.0
-66048.0
358528.0
552448.0
210176.0
-265216.0
-45696.0
150272.0
87424.0
-458752.0
-409088.0
-297856.0
-422912.0
14592.0
-120576.0
-417408.0
-173696.0
28800.0
-662400.0
-705152.0
-173696.0
-304384.0
-188288.0
20864.0
172800.0
146688.0
432512.0
557568.0
521856.0
652928.0
17664.0
35712.0
410624.0
278912.0
92672.0
213376.0
150400.0
45952.0
-121088.0
-486400.0
-59136.0
-234240.0
-290688.0
-93440.0
109824.0
-267904.0
-157568.0
796544.0
404864.0
73728.0
254592.0
129792.0
626944.0
284288.0
-8960.0
-480000.0
-1421184.0
-998144.0
-97792.0
373376.0
467200.0
141696.0
123648.0
645376.0
780928.0
1010816.0
528128.0
431616.0
233728.0
-494336.0
-678656.0
-410880.0
58368.0
452608.0
391680.0
440832.0
354048.0
300672.0
-122496.0
-686848.0
-561664.0
392064.0
255616.0
320896.0
396416.0
226048.0
281984.0
-9856.0
-108416.0
82816.0
404992.0
531456.0
529536.0
-36992.0
130432.0
-351104.0
-217472.0
-128.0
194688.0
299008.0
168192.0
152576.0
330240.0
556288.0
671616.0
764544.0
649216.0
915328.0
450304.0
220672.0
-76160.0
-72320.0
783232.0
455936.0
303232.0
73600.0
-178432.0
-46208.0
582144.0
913664.0
369664.0
441856.0
192256.0
162432.0
209152.0
-21504.0
79616.0
394880.0
179712.0
-763008.0
-429824.0
329216.0
163584.0
-73856.0
-439936.0
-1046912.0
-628224.0
-307328.0
-462848.0
-283392.0
-667136.0
-646016.0
-347392.0
-156672.0
-365952.0
-417536.0
-459264.0
-500864.0
-378624.0
286848.0
495744.0
235776.0
469888.0
600320.0
546816.0
16640.0
184960.0
669184.0
231168.0
231424.0
346880.0
100736.0
-317440.0
-966144.0
-211968.0
375808.0
212736.0
-9728.0
-75392.0
121088.0
338560.0
119296.0
70656.0
670720.0
725760.0
912640.0
594688.0
420224.0
98816.0
-33920.0
474496.0
463488.0
-48640.0
115200.0
434048.0
204672.0
-37504.0
649728.0
815616.0
1005568.0
1354496.0
667264.0
-34432.0
104960.0
827904.0
965632.0
700160.0
328832.0
276608.0
311424.0
983680.0
1050624.0
382848.0
384640.0
919296.0
298368.0
-66816.0
455168.0
665216.0
96896.0
86528.0
-766720.0
-587648.0
132224.0
61568.0
413056.0
543232.0
802944.0
1346176.0
1573760.0
641536.0
158080.0
680960.0
138240.0
157568.0
892160.0
1005824.0
701696.0
145920.0
348160.0
193408.0
-251776.0
-253440.0
21632.0
-354176.0
-494976.0
-542336.0
-30976.0
335488.0
-172672.0
-305024.0
125440.0
453888.0
747136.0
757632.0
377728.0
93184.0
328832.0
-171008.0
24576.0
618368.0
432384.0
84864.0
-7680.0
87424.0
97792.0
343680.0
664064.0
253696.0
508928.0
505088.0
-396032.0
-549376.0
-169600.0
-193792.0
-54784.0
192384.0
451584.0
506752.0
-187008.0
-366720.0
-222592.0
52480.0
-227968.0
59648.0
208640.0
-89216.0
-222208.0
-564480.0
-703104.0
-996736.0
-890496.0
-911616.0
-820352.0
-415104.0
-562048.0
-578944.0
-890368.0
-666880.0
-908672.0
-176640.0
317056.0
-74624.0
-192128.0
-11392.0
-17920.0
126720.0
796672.0
667904.0
67200.0
-612352.0
-371968.0
364288.0
221952.0
-312704.0
-328960.0
-523648.0
-639232.0
-652288.0
-422784.0
-367360.0
-666112.0
-728960.0
-491776.0
-463232.0
-830080.0
-625920.0
-662144.0
-718208.0
-57728.0
1101312.0
1541888.0
852352.0
8704.0
-628224.0
-496256.0
-836608.0
-1075072.0
-576000.0
-367872.0
-204416.0
-581120.0
-737792.0
-397440.0
-230784.0
-139392.0
-264576.0
-251648.0
-580352.0
-551040.0
12928.0
-59776.0
-321920.0
-288000.0
-81536.0
-157824.0
263040.0
352384.0
-432768.0
-764800.0
-646912.0
-333056.0
-932992.0
-1299584.0
-1192064.0
-592256.0
-59264.0
31232.0
-34688.0
-254592.0
8064.0
953600.0
255360.0
-514176.0
-414592.0
-378112.0
-413184.0
-56064.0
249600.0
687872.0
423168.0
284288.0
-28032.0
-309888.0
110720.0
-240256.0
-416896.0
-366464.0
-187264.0
-88960.0
446976.0
629504.0
25216.0
-490112.0
-73984.0
239744.0
565248.0
-320512.0
-90624.0
576768.0
391040.0
521600.0
1215744.0
916864.0
723968.0
420864.0
437376.0
811776.0
597120.0
271104.0
-340992.0
-631552.0
-755840.0
-265344.0
-40576.0
445824.0
922624.0
669056.0
508544.0
-29568.0
231424.0
368768.0
-254208.0
-522112.0
141184.0
471424.0
179968.0
503808.0
598912.0
660608.0
623232.0
423296.0
309376.0
371456.0
164480.0
197632.0
262656.0
273024.0
648448.0
729856.0
614528.0
1029120.0
769536.0
597120.0
-128896.0
-443008.0
-440448.0
-575232.0
-368768.0
-291072.0
-538368.0
-427776.0
-269440.0
-46464.0
349056.0
275584.0
302848.0
439168.0
-80640.0
-459008.0
-530432.0
-140416.0
-265856.0
-174080.0
38656.0
-153088.0
-350208.0
-541696.0
-405504.0
-55424.0
-417920.0
-274816.0
800384.0
774528.0
645760.0
468480.0
297728.0
-458624.0
-265344.0
268288.0
789760.0
755968.0
258688.0
302848.0
129152.0
-88704.0
-384640.0
-206208.0
371328.0
495872.0
408832.0
20864.0
291840.0
152064.0
-149376.0
-114688.0
-156288.0
80384.0
321280.0
329984.0
-185216.0
-463104.0
-273280.0
-282112.0
61824.0
-590592.0
-815488.0
87040.0
538752.0
534272.0
491392.0
158336.0
92928.0
368896.0
839168.0
743680.0
234880.0
41216.0
311936.0
544640.0
558336.0
249600.0
-174848.0
73216.0
-11008.0
41472.0
-43392.0
218624.0
291456.0
592512.0
393984.0
261248.0
92160.0
-34048.0
-149632.0
-182912.0
-394752.0
-424704.0
-424960.0
-309632.0
-744448.0
-1584128.0
-890240.0
-429824.0
-291712.0
60800.0
126592.0
129280.0
-131328.0
-72704.0
-5504.0
-4736.0
-196096.0
-535680.0
-720384.0
-780032.0
-587776.0
-94976.0
-281344.0
-641920.0
-668032.0
-611456.0
-164224.0
230016.0
245632.0
-341504.0
-367744.0
429440.0
766848.0
444416.0
45184.0
-293248.0
-83200.0
185600.0
147072.0
-140928.0
272000.0
-140800.0
-250496.0
102912.0
57856.0
443008.0
337920.0
-178688.0
187008.0
104192.0
-30848.0
-108800.0
66432.0
-234496.0
-616832.0
10112.0
557952.0
473984.0
-102912.0
-292480.0
-158848.0
-461056.0
-327168.0
105088.0
275072.0
-233856.0
-703360.0
18304.0
206720.0
767360.0
643968.0
394880.0
-121216.0
-162048.0
178176.0
-726528.0
-727296.0
-387328.0
-402048.0
2176.0
-18176.0
29056.0
361088.0
150912.0
-415232.0
-92800.0
193920.0
-116864.0
-272000.0
-510848.0
-1005952.0
-1096448.0
-1335936.0
-1273984.0
-1306240.0
-686720.0
-59136.0
-2048.0
353920.0
66432.0
-406784.0
-393856.0
-426240.0
-800000.0
-705408.0
-751488.0
-346624.0
-360192.0
-254848.0
-523008.0
-506624.0
-131712.0
-49792.0
354560.0
329216.0
208896.0
160768.0
-84736.0
-434176.0
-447104.0
221952.0
-108416.0
-313472.0
-374656.0
-435200.0
152960.0
178816.0
387200.0
358016.0
177536.0
393728.0
-41088.0
-216704.0
-239872.0
-58368.0
424320.0
33152.0
228224.0
10496.0
-5120.0
258816.0
724992.0
433280.0
331648.0
384768.0
307200.0
430080.0
227200.0
-119168.0
-160896.0
253952.0
203392.0
320896.0
159488.0
243584.0
250240.0
163072.0
4352.0
25728.0
398976.0
-277248.0
-581760.0
-697088.0
-641792.0
40192.0
-90752.0
-147840.0
-313216.0
68352.0
612224.0
275968.0
256000.0
217344.0
304000.0
561536.0
621696.0
726272.0
279424.0
442496.0
483072.0
-113152.0
-770304.0
-739712.0
-205440.0
71168.0
40192.0
310656.0
912512.0
907392.0
565248.0
804480.0
450176.0
411776.0
168320.0
49280.0
595328.0
-19968.0
-518528.0
-511232.0
-286208.0
53376.0
73216.0
-50304.0
266624.0
246272.0
49280.0
-317440.0
-234496.0
-104192.0
54144.0
-106368.0
-101120.0
-191616.0
-359680.0
-176384.0
138112.0
216576.0
329088.0
169344.0
273152.0
-292864.0
-714880.0
77568.0
89728.0
-55424.0
4736.0
-471680.0
-772736.0
-182528.0
302720.0
327424.0
-77824.0
-86400.0
294528.0
398720.0
-408960.0
-479104.0
-12672.0
440320.0
368128.0
296832.0
129280.0
-494336.0
-554112.0
-540032.0
-722176.0
-1157504.0
-1406848.0
-895744.0
-316928.0
-245376.0
206208.0
-16512.0
-209664.0
-289664.0
-375680.0
35072.0
677248.0
830208.0
386304.0
563456.0
454528.0
705024.0
204928.0
-182272.0
-309632.0
-319360.0
-140800.0
-226176.0
-64640.0
-15872.0
-140032.0
-219392.0
-265856.0
-418176.0
-14080.0
-61312.0
-251904.0
-425472.0
-162432.0
105344.0
637056.0
694400.0
236800.0
73856.0
201216.0
433792.0
320384.0
424832.0
-12800.0
-23168.0
-58368.0
-171904.0
-331392.0
-468224.0
343424.0
662144.0
477312.0
155520.0
186880.0
279168.0
563584.0
410880.0
426624.0
904960.0
1142784.0
842240.0
-264320.0
-661888.0
-444416.0
211968.0
251392.0
140416.0
10752.0
-149504.0
-73344.0
-158464.0
-592000.0
-588288.0
-153856.0
-497920.0
-637312.0
-721280.0
-834944.0
-745472.0
-389248.0
-519680.0
-505856.0
8960.0
-118784.0
-687744.0
-452608.0
-149248.0
-366976.0
-399616.0
-215808.0
306304.0
474624.0
651264.0
623488.0
224128.0
-51200.0
-144256.0
-89600.0
164096.0
-497408.0
-819584.0
229760.0
366720.0
-62848.0
-138752.0
-77696.0
-214400.0
-301696.0
-152448.0
10496.0
653952.0
252672.0
-450048.0
-424704.0
-248704.0
-159616.0
-324608.0
-463360.0
-288512.0
-146816.0
-390272.0
-271744.0
-194560.0
-238080.0
-141568.0
-18816.0
-147328.0
41984.0
-509184.0
-821376.0
-5248.0
23296.0
-444288.0
-650240.0
-405760.0
-42624.0
-121216.0
-505600.0
-215424.0
-205696.0
-603136.0
-632960.0
-456064.0
-551808.0
-980864.0
-684800.0
-513152.0
-271232.0
-220416.0
-271488.0
-636288.0
-651648.0
-500736.0
-529280.0
34688.0
567424.0
193792.0
-896.0
866432.0
510592.0
-224000.0
-479232.0
-343296.0
-452224.0
36352.0
43264.0
-245504.0
-169600.0
-177664.0
384896.0
147328.0
-86144.0
545536.0
370816.0
-530176.0
-58112.0
713728.0
925568.0
685696.0
351232.0
532736.0
330368.0
105344.0
129536.0
644864.0
3200.0
-354048.0
22400.0
-53504.0
-64000.0
-486912.0
-370816.0
-242560.0
-46464.0
361088.0
255488.0
-50432.0
200576.0
344832.0
-309760.0
-813056.0
-351872.0
94080.0
402560.0
45440.0
-156288.0
-121472.0
108928.0
463232.0
199040.0
-447232.0
-553600.0
-41088.0
366720.0
300800.0
50176.0
103040.0
327936.0
490880.0
904192.0
520320.0
70528.0
185472.0
-655488.0
-759168.0
-50816.0
103808.0
115712.0
261376.0
43520.0
-197120.0
474368.0
431232.0
193664.0
270336.0
-76544.0
166528.0
-281856.0
-271872.0
-377088.0
-177664.0
74112.0
303232.0
56448.0
-377984.0
-486016.0
526208.0
503424.0
400000.0
435584.0
-294400.0
-658048.0
-1054976.0
-979712.0
-1152256.0
-947200.0
-864768.0
-429952.0
-1040512.0
-614144.0
2176.0
148480.0
-201728.0
-486656.0
-503296.0
-397440.0
-133504.0
177024.0
-197632.0
-319232.0
89600.0
316928.0
-73856.0
-652544.0
-268928.0
-212864.0
-309760.0
-728704.0
-765952.0
-622464.0
-496640.0
-1021952.0
-782080.0
-671488.0
-930944.0
-524672.0
-11392.0
407552.0
394496.0
73472.0
267520.0
1033600.0
811648.0
862720.0
806528.0
604928.0
478080.0
136704.0
-83200.0
-467328.0
-247424.0
-202752.0
-118016.0
-504704.0
-467712.0
-206592.0
530048.0
614400.0
-2944.0
12800.0
-213120.0
-207872.0
110720.0
496512.0
226944.0
-135936.0
-55808.0
240768.0
313088.0
348032.0
733312.0
674816.0
283648.0
326400.0
160256.0
-528000.0
-899328.0
-258048.0
-83072.0
79104.0
56064.0
290304.0
806272.0
1412736.0
883456.0
358528.0
376448.0
131968.0
224256.0
306304.0
526080.0
-63744.0
-351232.0
-448768.0
-205440.0
72192.0
29824.0
367360.0
958464.0
1004288.0
660480.0
714752.0
838528.0
665472.0
389888.0
285184.0
457600.0
537728.0
365056.0
-346880.0
-705536.0
-645376.0
-98944.0
77952.0
-508544.0
-471552.0
-220928.0
-379520.0
78720.0
336000.0
144896.0
256128.0
203648.0
310016.0
-14976.0
-225664.0
-234368.0
-290176.0
-248192.0
-269568.0
129664.0
568448.0
345856.0
82944.0
-590080.0
-345600.0
208384.0
747136.0
362880.0
-118912.0
135296.0
-27904.0
147712.0
135680.0
-94592.0
-145024.0
83328.0
181888.0
-62720.0
-675328.0
-481280.0
-525184.0
-918144.0
-362496.0
183552.0
209536.0
513408.0
392320.0
8064.0
293632.0
289792.0
-59648.0
167936.0
229632.0
115712.0
256.0
-178560.0
66560.0
65920.0
-44160.0
-14848.0
195200.0
47744.0
-147712.0
235136.0
617600.0
503552.0
42240.0
-174464.0
-483712.0
-593792.0
-321408.0
97280.0
-56832.0
61568.0
-261248.0
-348928.0
-513024.0
-445568.0
-31744.0
264448.0
257920.0
12672.0
35200.0
-329344.0
-331136.0
-78592.0
186752.0
-89856.0
36864.0
-486784.0
-304768.0
-236032.0
-352896.0
-313600.0
-310528.0
-2944.0
-108288.0
-367360.0
123520.0
693120.0
393984.0
-23168.0
-32384.0
-548096.0
-256000.0
587648.0
266752.0
4608.0
531968.0
530432.0
479872.0
633472.0
571008.0
275072.0
-477696.0
-467968.0
-523392.0
-518528.0
-230400.0
-415872.0
-314112.0
-25856.0
-321664.0
82432.0
626304.0
295168.0
-391808.0
314752.0
526208.0
453248.0
900608.0
911872.0
473728.0
-74240.0
-384256.0
554752.0
685952.0
1117184.0
1009536.0
809088.0
781952.0
551296.0
810240.0
305920.0
7296.0
576384.0
727552.0
-896.0
627328.0
957440.0
865920.0
836352.0
630400.0
372352.0
383744.0
411392.0
411264.0
164736.0
7296.0
-435968.0
-70400.0
514560.0
878336.0
878848.0
686976.0
264832.0
241280.0
195968.0
310784.0
291328.0
937216.0
1035392.0
574592.0
496384.0
203904.0
474624.0
555776.0
354048.0
55552.0
15744.0
-110336.0
230400.0
278912.0
471040.0
855808.0
733568.0
289664.0
51584.0
59392.0
152832.0
315136.0
521600.0
-46848.0
-186496.0
60160.0
335872.0
426880.0
93312.0
-185216.0
45440.0
613248.0
460288.0
-59520.0
-138624.0
-116992.0
-11392.0
-46848.0
178048.0
65792.0
-350976.0
-137728.0
-49280.0
168064.0
552576.0
295296.0
307968.0
155392.0
-62848.0
-222592.0
-878080.0
-613760.0
-115200.0
-138624.0
-192384.0
-594816.0
-803840.0
-767104.0
-727040.0
-359296.0
-421760.0
-41344.0
-400640.0
-668416.0
-322560.0
-495360.0
-678144.0
-389504.0
-229376.0
-197120.0
-211712.0
-906368.0
-791680.0
-141056.0
12928.0
49280.0
360064.0
289152.0
-217472.0
-65664.0
-640.0
-206080.0
-364032.0
313984.0
770560.0
246528.0
303232.0
380672.0
311040.0
692352.0
410752.0
21376.0
-161280.0
-122240.0
-334720.0
-629504.0
-169216.0
-363136.0
-569344.0
-841088.0
-475008.0
-333184.0
-266880.0
4096.0
-71808.0
73472.0
-107136.0
19712.0
338816.0
185344.0
44160.0
245248.0
127104.0
-75904.0
-73088.0
-217088.0
-74624.0
-57088.0
-53248.0
147840.0
234112.0
87168.0
-39040.0
-33408.0
-293760.0
-682880.0
-619648.0
-477824.0
-355072.0
232320.0
572928.0
567808.0
311040.0
482176.0
455296.0
153984.0
22272.0
493440.0
324864.0
-174080.0
-298880.0
21504.0
152704.0
-189312.0
-321024.0
-886656.0
-647296.0
-401664.0
-342400.0
-291328.0
-180224.0
-181888.0
-231296.0
340608.0
574336.0
303360.0
109056.0
-474880.0
-478464.0
63232.0
-377344.0
-414464.0
-80640.0
87808.0
-46464.0
386560.0
1181824.0
698624.0
168704.0
243328.0
724736.0
433536.0
477312.0
417408.0
216960.0
133248.0
-354816.0
-877312.0
-293120.0
143104.0
-68992.0
101248.0
-457984.0
-854656.0
-524928.0
298496.0
451328.0
197888.0
371712.0
553344.0
112512.0
158976.0
55424.0
-47232.0
-256128.0
-428672.0
-411136.0
-316288.0
-329984.0
-239616.0
-100352.0
-51200.0
-32896.0
-108544.0
324352.0
405760.0
153088.0
321024.0
333568.0
352256.0
69376.0
-222208.0
-179328.0
-255104.0
66688.0
456320.0
412800.0
-21376.0
115200.0
179968.0
-164608.0
74880.0
640128.0
783872.0
668288.0
285952.0
539136.0
774784.0
650496.0
448000.0
305536.0
-7808.0
-192896.0
-309248.0
-193152.0
425088.0
348032.0
-143616.0
-59136.0
-231040.0
-380032.0
-305408.0
-221568.0
-192000.0
29312.0
-108416.0
-280704.0
-430080.0
-919168.0
-1185408.0
-914688.0
-516992.0
-247424.0
-438656.0
-578560.0
-399104.0
-578048.0
-521728.0
-706304.0
-774272.0
-462464.0
-273152.0
-920192.0
-908672.0
-1263488.0
-1004416.0
-471808.0
250496.0
101120.0
-353664.0
-1540224.0
-1932672.0
-671616.0
57344.0
-118400.0
-323456.0
650624.0
394624.0
144768.0
216192.0
120448.0
-119296.0
293760.0
177920.0
479616.0
811392.0
1130624.0
1484288.0
1035520.0
-47360.0
-870400.0
-863232.0
-644864.0
10752.0
188672.0
-120576.0
7168.0
85376.0
304512.0
540800.0
-202112.0
-418432.0
-442112.0
-465920.0
-404096.0
-168064.0
-228096.0
-587520.0
-158976.0
306304.0
271616.0
30592.0
-474240.0
-422784.0
-445568.0
-493824.0
404480.0
613248.0
347904.0
-375680.0
-632192.0
-81408.0
70144.0
-295424.0
-177920.0
152704.0
155648.0
-349696.0
-872192.0
-317952.0
45056.0
115072.0
-300416.0
-421120.0
219264.0
-126464.0
293504.0
133632.0
-173568.0
68224.0
287616.0
563456.0
451456.0
431488.0
522112.0
544640.0
24704.0
237440.0
147456.0
8064.0
-421760.0
-278016.0
244096.0
674432.0
465792.0
-184320.0
314752.0
924416.0
1032448.0
409088.0
-424704.0
35200.0
348416.0
254080.0
56704.0
113920.0
385408.0
-77056.0
-165120.0
137344.0
367232.0
241280.0
138368.0
-258048.0
-787840.0
-573952.0
-28160.0
164096.0
346496.0
1244800.0
1615360.0
1156480.0
506240.0
119936.0
-201472.0
-159744.0
313344.0
-202880.0
-476800.0
-238976.0
8192.0
-302720.0
-407424.0
-802816.0
-951040.0
-424960.0
-363136.0
-199040.0
-408576.0
-389248.0
366464.0
272256.0
115840.0
26240.0
39168.0
376704.0
307712.0
237056.0
315008.0
-36096.0
-135552.0
194944.0
213504.0
545408.0
482304.0
-296832.0
-893184.0
-849408.0
-651520.0
-476544.0
-45440.0
408832.0
-102016.0
-39296.0
473472.0
-37120.0
-472448.0
-252288.0
216192.0
398208.0
159488.0
169216.0
385920.0
398208.0
380416.0
107648.0
276864.0
717312.0
623744.0
317056.0
118144.0
330112.0
617472.0
515072.0
625408.0
300416.0
-111744.0
35456.0
140416.0
-20352.0
-137728.0
-349824.0
-602880.0
-306304.0
-35840.0
242304.0
165760.0
-286720.0
-272896.0
-138240.0
61312.0
413056.0
833024.0
491776.0
206208.0
470912.0
57856.0
-182016.0
188544.0
505088.0
264064.0
532992.0
334080.0
232320.0
-229248.0
-260224.0
406528.0
315008.0
322304.0
629376.0
699648.0
478976.0
484224.0
357248.0
475136.0
312832.0
-163200.0
-89216.0
235648.0
365440.0
175744.0
107392.0
100864.0
-768.0
-471296.0
-761344.0
-323584.0
-321920.0
29184.0
97536.0
-344320.0
158080.0
562176.0
385920.0
-184576.0
-447104.0
-381440.0
-543360.0
-112384.0
224128.0
360832.0
-105600.0
-71808.0
156032.0
-268544.0
-656896.0
-395264.0
-152704.0
26880.0
-110976.0
-277760.0
-404480.0
-339456.0
-620416.0
-708352.0
-251648.0
164096.0
-236928.0
-821248.0
-523520.0
66432.0
66816.0
-121728.0
-313472.0
-229632.0
19968.0
-576128.0
-294656.0
-260608.0
-476032.0
-474624.0
-368256.0
-75392.0
234368.0
-570496.0
-996864.0
-823936.0
-194944.0
-331520.0
-414080.0
54400.0
399360.0
1102336.0
529536.0
-230272.0
-410240.0
-398848.0
-471168.0
-977152.0
-613760.0
-512640.0
-372992.0
-292864.0
-636416.0
-573952.0
-676864.0
-923392.0
-223104.0
218752.0
36608.0
489088.0
852224.0
771968.0
384512.0
63872.0
50688.0
-36736.0
-726400.0
-947840.0
-969344.0
-691712.0
-424448.0
-517888.0
-418432.0
-81408.0
328576.0
441856.0
243968.0
293376.0
549632.0
306304.0
-736000.0
-321024.0
169984.0
-472192.0
-864128.0
-704384.0
-448128.0
160768.0
470656.0
-214272.0
-383232.0
-276352.0
-643712.0
-663424.0
-864512.0
-1107456.0
-616704.0
-913152.0
-857344.0
-430592.0
34304.0
299776.0
-514560.0
-841088.0
-438656.0
436608.0
-6912.0
-900352.0
-1143040.0
-229248.0
88192.0
-68608.0
-225792.0
-316928.0
-241664.0
-740864.0
-850176.0
-333568.0
-343040.0
-434304.0
-114432.0
-578048.0
-437248.0
-152320.0
132864.0
-372224.0
-601728.0
-513792.0
-271360.0
-58112.0
268288.0
205824.0
-195200.0
-275840.0
64896.0
-67328.0
-71680.0
213632.0
-522624.0
-468224.0
-498560.0
-411392.0
-426752.0
-364288.0
-492800.0
-1098496.0
-910208.0
-615040.0
-54528.0
-366592.0
-453376.0
-124416.0
-75904.0
87808.0
401152.0
577408.0
1108736.0
824448.0
841216.0
664320.0
77056.0
39552.0
-48640.0
294528.0
591488.0
612096.0
143104.0
-172416.0
198656.0
817664.0
740736.0
636032.0
522496.0
429184.0
716672.0
643072.0
310400.0
116992.0
214016.0
236800.0
-290688.0
-339456.0
-176512.0
53248.0
-323968.0
-702976.0
-1064704.0
-173952.0
448384.0
351744.0
397696.0
10752.0
-178048.0
312704.0
43264.0
-785920.0
-737664.0
-813696.0
-973440.0
-1073024.0
-1209216.0
-498560.0
100864.0
-218624.0
-604160.0
-299648.0
-382080.0
10368.0
286848.0
501376.0
150016.0
-194560.0
-152960.0
-135680.0
358272.0
324352.0
119424.0
101248.0
-27008.0
-350592.0
86784.0
120960.0
-103936.0
-616192.0
-323200.0
-134400.0
-352384.0
-784768.0
-531968.0
-374272.0
-476928.0
-720512.0
-925952.0
-896128.0
-275072.0
-279168.0
-212608.0
-216704.0
-267776.0
-108544.0
5888.0
-10368.0
-278656.0
-215936.0
-768.0
88704.0
118144.0
451200.0
344576.0
180352.0
67200.0
-92160.0
-355968.0
-302208.0
-42240.0
207488.0
-33152.0
-439168.0
-566528.0
-164480.0
321408.0
744704.0
829440.0
617216.0
454272.0
137472.0
92416.0
244608.0
45184.0
563072.0
789504.0
165248.0
356992.0
367872.0
-381824.0
-558592.0
-438656.0
-347008.0
-54400.0
63488.0
-367232.0
-135168.0
-5376.0
-54784.0
-383104.0
-629120.0
-783872.0
-700288.0
-76288.0
128640.0
-192640.0
-253312.0
-159616.0
-343936.0
-359552.0
265472.0
257792.0
232320.0
41216.0
-200448.0
-65536.0
-35328.0
417792.0
567296.0
17664.0
-154240.0
279680.0
64640.0
-392832.0
-183296.0
-114048.0
-319488.0
-40576.0
-456576.0
-659840.0
-247680.0
-538112.0
-476288.0
254720.0
-172800.0
-349952.0
-588928.0
-815104.0
-401920.0
-381568.0
-657024.0
-798976.0
-1071104.0
-919168.0
-523136.0
12160.0
228096.0
274176.0
140672.0
705152.0
725760.0
125312.0
195072.0
1040256.0
1094656.0
890624.0
1092096.0
567040.0
142208.0
241024.0
-148864.0
-630656.0
-318848.0
-180992.0
640.0
-249856.0
-79360.0
-287104.0
-620800.0
-141696.0
280448.0
-186752.0
-589056.0
129408.0
480768.0
10112.0
-257792.0
-284672.0
-239872.0
-370816.0
353280.0
367104.0
358784.0
558208.0
-119680.0
-94080.0
488192.0
1043840.0
804864.0
810880.0
1316480.0
1040256.0
566528.0
-209664.0
-257664.0
-6656.0
-334336.0
-418432.0
106368.0
76288.0
197632.0
569984.0
-157056.0
-996224.0
-628096.0
-284672.0
-16256.0
-160512.0
-640640.0
-89088.0
-260224.0
-49024.0
-732800.0
-1225472.0
-814464.0
-109824.0
-176128.0
-486400.0
-119424.0
-231296.0
57856.0
130816.0
48256.0
227712.0
-21248.0
-833152.0
-1008640.0
-304128.0
89088.0
-546432.0
-230784.0
278016.0
163968.0
236288.0
-34432.0
-236928.0
-403968.0
-929280.0
-238464.0
157184.0
61696.0
-91520.0
-243584.0
163968.0
368512.0
-113792.0
-176128.0
84224.0
-205056.0
29696.0
121600.0
380416.0
983168.0
1456384.0
866944.0
624384.0
279424.0
193152.0
474624.0
232576.0
156160.0
340352.0
443904.0
496512.0
547200.0
534528.0
79744.0
-238208.0
-465920.0
-64768.0
81536.0
618368.0
787328.0
-60544.0
-312192.0
-49536.0
74880.0
10624.0
-334720.0
-324352.0
-519168.0
-607360.0
160768.0
-55680.0
47104.0
-55424.0
219520.0
292992.0
545664.0
388736.0
538752.0
565632.0
166656.0
164992.0
110464.0
23680.0
4352.0
266752.0
404864.0
579712.0
809856.0
388992.0
218880.0
347136.0
658432.0
69248.0
94464.0
-94336.0
-54656.0
1016704.0
521984.0
-284544.0
-272512.0
-224000.0
-360832.0
99456.0
-150528.0
280960.0
437376.0
337536.0
-135936.0
-187904.0
357632.0
299648.0
123904.0
-58880.0
-477312.0
-416384.0
-501248.0
-400896.0
-102016.0
-478720.0
-615424.0
-398464.0
-22272.0
568064.0
701056.0
292608.0
524032.0
410752.0
500736.0
847872.0
287744.0
-18048.0
-215168.0
-477056.0
-266752.0
-1152.0
80000.0
-177024.0
-349312.0
-307200.0
287488.0
-9856.0
-128.0
783360.0
317312.0
-134272.0
131072.0
145408.0
115712.0
440832.0
-23424.0
-129664.0
50560.0
152832.0
86656.0
188416.0
-118656.0
-935168.0
-1243136.0
-852096.0
-627840.0
-748032.0
-413824.0
-648320.0
-557824.0
-477312.0
-724864.0
-361344.0
-335232.0
-543232.0
94976.0
-143360.0
-133376.0
450944.0
326656.0
-163456.0
-388480.0
-405504.0
-163584.0
432384.0
455680.0
33792.0
-343808.0
-620160.0
-353024.0
202752.0
416384.0
709888.0
267136.0
35840.0
-155392.0
-470784.0
56320.0
404864.0
361088.0
542976.0
509696.0
145664.0
347008.0
264192.0
207872.0
161024.0
161920.0
166272.0
-183552.0
133120.0
497024.0
115200.0
-509568.0
-297216.0
-139776.0
131328.0
226944.0
312192.0
445568.0
301184.0
14336.0
-266240.0
-297600.0
-169216.0
-155904.0
-280064.0
-12800.0
322048.0
450560.0
-295296.0
-634112.0
-770432.0
-594304.0
-255872.0
-286976.0
-431488.0
-315008.0
55424.0
68736.0
-11648.0
337536.0
69504.0
-145792.0
449280.0
613248.0
357248.0
-14336.0
390656.0
742272.0
495232.0
232192.0
56576.0
369280.0
607872.0
985600.0
665344.0
-36096.0
33792.0
-257280.0
-50432.0
311424.0
493440.0
565632.0
551168.0
491648.0
544768.0
459776.0
117504.0
15872.0
655488.0
880512.0
648192.0
371840.0
168704.0
-226944.0
-282240.0
-267264.0
-531456.0
308608.0
926464.0
290560.0
-338304.0
-566912.0
-479232.0
-230144.0
-102656.0
64768.0
-708352.0
-524928.0
322432.0
373632.0
18560.0
87168.0
439808.0
312832.0
225024.0
64128.0
270720.0
540672.0
202368.0
398720.0
230784.0
214144.0
-33920.0
-239232.0
78592.0
602240.0
498688.0
395264.0
433536.0
-310144.0
237056.0
465408.0
367488.0
439552.0
237696.0
249344.0
1155072.0
1275648.0
810496.0
651136.0
942720.0
1158144.0
811904.0
478848.0
541184.0
563200.0
32384.0
-118528.0
371328.0
713344.0
770816.0
1156864.0
955648.0
247936.0
106624.0
163200.0
304640.0
455808.0
443520.0
681984.0
345600.0
191744.0
293632.0
-74240.0
-705280.0
-389760.0
-19072.0
19328.0
-143488.0
194048.0
942080.0
1268224.0
861312.0
195328.0
576000.0
1173504.0
252672.0
-161408.0
346624.0
226560.0
4224.0
-506240.0
-127488.0
2432.0
156288.0
265984.0
33536.0
105344.0
267392.0
-379008.0
-1072640.0
-682752.0
-47616.0
111360.0
-187904.0
75392.0
662016.0
733696.0
42240.0
-174720.0
238080.0
313216.0
365824.0
131712.0
-29696.0
-31360.0
-387968.0
-487296.0
397952.0
518528.0
237568.0
94592.0
-575488.0
-597504.0
-140544.0
212352.0
710016.0
579712.0
430976.0
309248.0
265984.0
264960.0
396544.0
453888.0
-137856.0
-131840.0
-274944.0
-500224.0
-438912.0
44800.0
386176.0
25344.0
299904.0
411520.0
-129280.0
-550144.0
-442880.0
41600.0
265344.0
523648.0
487296.0
294016.0
419200.0
625536.0
644608.0
460288.0
-15488.0
173440.0
81664.0
138240.0
392192.0
710912.0
627584.0
329856.0
70784.0
-209152.0
-151040.0
45440.0
102528.0
526592.0
1141248.0
804992.0
362624.0
360448.0
504576.0
670848.0
675456.0
482304.0
-37888.0
333568.0
842368.0
531840.0
449792.0
867200.0
1133568.0
1039104.0
1112704.0
1385216.0
1127680.0
312704.0
427392.0
1033088.0
536704.0
-66560.0
836608.0
1021696.0
1006080.0
1175808.0
1119488.0
688000.0
891648.0
541056.0
439424.0
482304.0
606976.0
579200.0
227840.0
-347520.0
-462464.0
-459264.0
88192.0
956288.0
1111680.0
760192.0
214400.0
601984.0
622208.0
834944.0
979200.0
539776.0
213760.0
540800.0
1023232.0
1354880.0
1072896.0
969728.0
621568.0
1053184.0
900864.0
651904.0
605184.0
579200.0
157184.0
59648.0
734848.0
629504.0
-34304.0
278016.0
216320.0
575232.0
1222528.0
646144.0
171904.0
211584.0
694784.0
729472.0
800896.0
351360.0
283520.0
376448.0
516480.0
622848.0
52096.0
-781952.0
-91008.0
680320.0
766080.0
64640.0
82560.0
457600.0
316032.0
37888.0
-162176.0
239232.0
-292736.0
-382080.0
18816.0
73600.0
242816.0
390272.0
535424.0
1032960.0
1224576.0
1063168.0
781440.0
625280.0
614272.0
477696.0
-53888.0
-480128.0
-219392.0
45312.0
-13824.0
-143360.0
72192.0
464896.0
234624.0
635392.0
339200.0
132992.0
316160.0
304000.0
737920.0
468864.0
309376.0
684800.0
985600.0
668416.0
209280.0
-188800.0
108288.0
480512.0
1283968.0
1460224.0
1103872.0
1181056.0
1388032.0
1097728.0
656384.0
503296.0
512256.0
745088.0
811264.0
784384.0
775680.0
1178240.0
1389440.0
1407616.0
1694080.0
1510656.0
476928.0
229376.0
141952.0
-15872.0
509056.0
969472.0
610944.0
438272.0
530176.0
705280.0
672640.0
572416.0
732160.0
790912.0
1048064.0
901504.0
863872.0
1184512.0
1154304.0
298240.0
331008.0
537344.0
374144.0
411648.0
126976.0
-128128.0
11648.0
1367808.0
2212992.0
1872000.0
1358336.0
580992.0
431616.0
463104.0
366080.0
282368.0
618752.0
992640.0
703616.0
185600.0
-295040.0
-590080.0
-761600.0
-435200.0
89216.0
-169600.0
-719232.0
-758016.0
-583936.0
-209920.0
721664.0
732544.0
405248.0
298368.0
88832.0
39424.0
-302208.0
-155392.0
-518784.0
-539008.0
-738048.0
-713600.0
-504576.0
-576640.0
-827776.0
-669440.0
-461056.0
-370688.0
11392.0
289792.0
453888.0
868736.0
779008.0
542336.0
160128.0
134400.0
464256.0
187776.0
365952.0
697216.0
630400.0
197888.0
248192.0
595712.0
577792.0
7296.0
371456.0
601216.0
326912.0
-256.0
120320.0
-25472.0
-758656.0
-315008.0
-23936.0
-107648.0
213888.0
-233344.0
-382080.0
-283776.0
-7936.0
-267648.0
-415360.0
100864.0
150272.0
-364160.0
-407040.0
-692480.0
-466432.0
-62464.0
-50176.0
-384.0
11776.0
-151424.0
187520.0
858752.0
865792.0
308992.0
-103936.0
-134784.0
-640512.0
-748800.0
-845568.0
-898432.0
-533632.0
-247040.0
469120.0
834816.0
451968.0
122368.0
-186496.0
375680.0
210048.0
59136.0
-560512.0
-393216.0
281216.0
124160.0
-36480.0
-114304.0
-435712.0
-100992.0
4736.0
-75520.0
601600.0
683392.0
-80512.0
17792.0
-768.0
-434176.0
44800.0
411008.0
296704.0
135680.0
-32896.0
106880.0
562944.0
-294656.0
-641792.0
120832.0
460288.0
324608.0
168960.0
180736.0
-156672.0
-239104.0
-222464.0
-420096.0
-246144.0
78208.0
-68992.0
-158080.0
-246528.0
-516608.0
-241408.0
-315136.0
-355072.0
-90368.0
577536.0
752384.0
-288384.0
-915072.0
-582528.0
-555264.0
-479360.0
-368512.0
-427520.0
-962048.0
-1053952.0
-1010176.0
-722816.0
-940032.0
-1605248.0
-1294080.0
-797824.0
-683392.0
-337408.0
-99968.0
159104.0
-69376.0
-269184.0
-431104.0
-336640.0
-261888.0
-490624.0
-554880.0
-1008256.0
-1067264.0
-1121920.0
-1524736.0
-1483136.0
-1362688.0
-1119872.0
-140544.0
-482944.0
-454912.0
-347904.0
-483328.0
-314752.0
-507264.0
-752896.0
-543744.0
-317440.0
-104704.0
67712.0
270848.0
494848.0
332800.0
72832.0
-114176.0
337664.0
371072.0
-336512.0
230784.0
349184.0
242944.0
512512.0
249856.0
-193280.0
-70272.0
798080.0
989184.0
328192.0
-154624.0
-232320.0
-320384.0
178560.0
362496.0
177024.0
144896.0
90880.0
646528.0
435200.0
577664.0
636800.0
476672.0
186496.0
110592.0
635264.0
725504.0
234624.0
-369152.0
478336.0
623744.0
1084416.0
1514496.0
1349888.0
957312.0
726912.0
594688.0
988416.0
1146112.0
1033344.0
1074432.0
907136.0
440960.0
-139136.0
160384.0
119168.0
-61952.0
35456.0
442752.0
1029376.0
983808.0
1204992.0
1138688.0
607744.0
260864.0
184192.0
166400.0
-215168.0
-111488.0
353536.0
713472.0
343168.0
114176.0
104320.0
-12416.0
321792.0
444416.0
352128.0
309376.0
-132736.0
237952.0
413056.0
449152.0
853760.0
61696.0
-587008.0
-233600.0
587776.0
701312.0
500352.0
164224.0
369024.0
615424.0
20736.0
-92800.0
-190080.0
-36352.0
-120576.0
-916864.0
-1036160.0
-531584.0
-589184.0
-230528.0
124672.0
369408.0
863872.0
1195520.0
952960.0
404224.0
261632.0
176256.0
-636928.0
-439296.0
128256.0
601728.0
1028096.0
985088.0
1242240.0
1266432.0
1225216.0
663168.0
19968.0
-499840.0
-247936.0
129152.0
-25600.0
25088.0
327936.0
47360.0
285696.0
535296.0
339584.0
179456.0
144896.0
-177280.0
-565632.0
-548608.0
-403200.0
201088.0
241408.0
480384.0
312192.0
14464.0
-7296.0
-94976.0
-86272.0
-216064.0
96512.0
210944.0
53504.0
-270720.0
-500224.0
-424960.0
-577408.0
-418304.0
-299648.0
-1060224.0
-930816.0
-539392.0
-121088.0
-622080.0
-1128320.0
-680064.0
-806912.0
-905728.0
-934912.0
-1163392.0
-795392.0
-460288.0
-592640.0
-1104640.0
-938880.0
-250240.0
-752896.0
-543232.0
-137344.0
195584.0
-123904.0
-190976.0
-223616.0
77184.0
78592.0
-210304.0
-155520.0
-155008.0
-51968.0
91136.0
148864.0
55296.0
230784.0
23680.0
114432.0
-139136.0
447232.0
726528.0
64128.0
-98304.0
-246144.0
-576896.0
-990848.0
-722176.0
-409728.0
-515968.0
-583680.0
-803584.0
-1152896.0
-1303424.0
-598272.0
-609024.0
-1221248.0
-939904.0
-756608.0
-698368.0
-644608.0
-245632.0
-467968.0
-383872.0
-132096.0
-276096.0
-481408.0
-484864.0
-543360.0
-82176.0
224384.0
-251136.0
228096.0
89856.0
486144.0
264448.0
93696.0
-448128.0
-231808.0
161024.0
-387712.0
-541696.0
-862848.0
-1386368.0
-1327104.0
-1292032.0
-1292928.0
-1274496.0
-1678080.0
-1489152.0
-1177856.0
-865408.0
-1019392.0
-854272.0
-910208.0
-844672.0
-867840.0
-413440.0
-394496.0
-478464.0
-600704.0
-1059200.0
-1308416.0
-1193600.0
-933248.0
-834688.0
-792448.0
-952832.0
-978432.0
-937600.0
-697216.0
-647552.0
-781696.0
-646400.0
-736640.0
-702464.0
-1134720.0
-1281280.0
-688512.0
-622720.0
-1160192.0
-1213952.0
-956160.0
-1214848.0
-1218432.0
-1231872.0
-1295360.0
-930816.0
-903808.0
-1567488.0
-1213568.0
-381312.0
-735744.0
-1434368.0
-1118720.0
-659456.0
-611456.0
-923136.0
-805120.0
-107904.0
-336640.0
-742912.0
-436864.0
-31360.0
-71168.0
-504832.0
-624000.0
-811136.0
-642176.0
-983296.0
-1096960.0
-1382272.0
-1425920.0
-1159424.0
-1063168.0
-1148544.0
-1325952.0
-1244416.0
-1316608.0
-801664.0
-448896.0
-274688.0
-290432.0
-590976.0
-976384.0
-699392.0
-239488.0
-370176.0
-406144.0
253824.0
132352.0
-75904.0
-12800.0
-197760.0
-133248.0
-360576.0
-280960.0
587904.0
328704.0
-353536.0
320000.0
785152.0
138496.0
161792.0
-1152.0
-996352.0
-1494528.0
-1004672.0
-833792.0
-1046656.0
-609792.0
-675072.0
-1190272.0
-1477376.0
-1443200.0
-2032896.0
-1840640.0
-1866112.0
-1194752.0
-607616.0
-306176.0
-520960.0
-840960.0
-755968.0
-954880.0
-1065344.0
-1043328.0
-358272.0
-480512.0
-459776.0
-42624.0
82560.0
253440.0
-111616.0
-1159168.0
-1405824.0
-1117056.0
-330624.0
-632064.0
-746752.0
-897664.0
-791936.0
-747264.0
-638976.0
-361984.0
91648.0
-11776.0
152960.0
301568.0
150272.0
43520.0
-403968.0
314368.0
908672.0
1155328.0
869120.0
566528.0
159104.0
-342784.0
-578560.0
-238592.0
485632.0
545536.0
510336.0
496768.0
4992.0
-300288.0
-703104.0
-717824.0
-318464.0
270592.0
382976.0
286208.0
-161536.0
-719616.0
-824576.0
-888064.0
-1025920.0
-562944.0
-845312.0
-868096.0
-555520.0
-214272.0
-610048.0
-968832.0
-1133440.0
-817280.0
-749056.0
-756736.0
203008.0
442880.0
-69632.0
-448000.0
-247936.0
-336896.0
-605952.0
-252544.0
-393600.0
-1307264.0
-1125888.0
-1014912.0
-1228928.0
-1091712.0
-665472.0
-606848.0
-636928.0
-775808.0
-725888.0
-574464.0
-190464.0
-481408.0
-946176.0
-1047424.0
-769664.0
-610816.0
-543488.0
-621824.0
-439424.0
-1289088.0
-1693824.0
-1614208.0
-2342656.0
-1943424.0
-1438592.0
-1060864.0
-806912.0
-1463296.0
-1734144.0
-2080128.0
-2038528.0
-1571840.0
-1927040.0
-2206592.0
-2508288.0
-2017664.0
-1913472.0
-1875584.0
-1377408.0
-1154688.0
-950528.0
-665984.0
-937600.0
-1414016.0
-1004416.0
-1202432.0
-2171264.0
-2329344.0
-2032128.0
-1980672.0
-1770240.0
-1606784.0
-1776128.0
-1884672.0
-1427712.0
-1427328.0
-2106368.0
-2572544.0
-2413312.0
-1379072.0
-1137792.0
-1220736.0
-897280.0
-947840.0
-1587712.0
-1727104.0
-1896704.0
-1665408.0
-1721088.0
-1447552.0
-805888.0
-285696.0
-336000.0
-249728.0
-247168.0
-881920.0
-867456.0
-854656.0
-1149568.0
-1103488.0
-400512.0
-164480.0
209280.0
85632.0
-147712.0
256384.0
483456.0
112256.0
619136.0
1112832.0
1185792.0
1210496.0
1546112.0
2135040.0
2084736.0
2155904.0
2387968.0
2844928.0
3096832.0
2714752.0
2519168.0
2072960.0
1427456.0
1487232.0
1888128.0
2006656.0
1673216.0
1450112.0
1154432.0
710912.0
961920.0
1772928.0
1723776.0
1206528.0
780160.0
314752.0
42624.0
71424.0
150144.0
-198656.0
-167680.0
13824.0
317312.0
243072.0
-121728.0
-566528.0
-459136.0
-53632.0
125952.0
-47360.0
-118272.0
-166400.0
-366720.0
150528.0
210048.0
483328.0
238464.0
401664.0
594176.0
551936.0
545152.0
560384.0
367744.0
-9344.0
-604544.0
-307712.0
607744.0
980608.0
1594368.0
1529088.0
2154112.0
2274048.0
2219776.0
2465920.0
3009536.0
3249920.0
3460480.0
3288832.0
2455040.0
2581248.0
3152640.0
4076288.0
4518144.0
4089472.0
3825664.0
4210432.0
4102912.0
4111616.0
4354944.0
4585472.0
4551424.0
3808896.0
4023168.0
4254592.0
3543680.0
3457536.0
3738112.0
3577856.0
3729024.0
3883520.0
3672064.0
3858944.0
3528832.0
2585472.0
3039872.0
3060224.0
3020928.0
3130880.0
2891008.0
3044608.0
2622592.0
1739136.0
2005632.0
2395136.0
1822592.0
2014336.0
2318592.0
2352512.0
1928960.0
2085120.0
2149120.0
1771008.0
1344128.0
964736.0
1253120.0
1449344.0
1398400.0
1355904.0
434816.0
151936.0
-285312.0
-194048.0
554112.0
561664.0
466048.0
182400.0
229248.0
443776.0
841856.0
1053696.0
576128.0
361600.0
-65408.0
-150400.0
255616.0
10368.0
520704.0
1121024.0
1243648.0
1511296.0
2018304.0
2264960.0
1707136.0
1612928.0
2162560.0
2496512.0
2523776.0
2953728.0
3713280.0
4049792.0
4338688.0
4617728.0
4759936.0
5112192.0
6261376.0
6138240.0
5603328.0
5171328.0
4975232.0
5078784.0
4845056.0
5267968.0
5312512.0
4049408.0
3015296.0
2649216.0
2157184.0
897664.0
203776.0
-876928.0
-1898112.0
-2717440.0
-3664640.0
-4721792.0
-5535872.0
-6177280.0
-6795520.0
-7514752.0
-8461056.0
-9085184.0
-9564288.0
-9775104.0
-9588224.0
-9690496.0
-9890048.0
-9401600.0
-9587968.0
-9477888.0
-8540288.0
-7435008.0
-6113408.0
-4378752.0
-2678272.0
498688.0
3374592.0
5675776.0
7702528.0
9325184.0
9950720.0
1.0508032E7
1.0790528E7
1.0720512E7
1.0780288E7
1.0689408E7
9908864.0
9007104.0
8800768.0
8870144.0
8130944.0
7751808.0
8374528.0
8374272.0
8093312.0
8138240.0
7778048.0
7186304.0
7820928.0
7669504.0
6975744.0
6654464.0
6061824.0
5572608.0
5446400.0
5432064.0
5458432.0
5350656.0
4981888.0
4192512.0
4040320.0
4157568.0
4801792.0
5483776.0
4850432.0
4418816.0
4517760.0
4913664.0
4921600.0
4814080.0
5070208.0
4886912.0
5272576.0
5743872.0
5900416.0
6132864.0
6508288.0
6412544.0
6324224.0
6608896.0
6545280.0
6672000.0
6723712.0
6099968.0
6024704.0
6225152.0
6438144.0
6386944.0
6789504.0
6700160.0
6904064.0
6925312.0
7019392.0
7627136.0
7825408.0
7604352.0
7146880.0
7100160.0
7376128.0
6971136.0
6038784.0
5952640.0
5747200.0
5557248.0
4999296.0
5552128.0
5616768.0
4965888.0
4316416.0
4241536.0
4054656.0
3546368.0
3505920.0
3394048.0
2994688.0
2521984.0
2159744.0
1548672.0
1604864.0
2116736.0
2755584.0
3531648.0
4424192.0
5704320.0
6877184.0
7362944.0
7698048.0
7475968.0
6991744.0
7537280.0
7903872.0
8454912.0
8820352.0
8500992.0
8563456.0
8338688.0
8289664.0
8942848.0
9468032.0
9510272.0
1.0132352E7
1.03296E7
1.0149504E7
9947904.0
1.0431872E7
1.142208E7
1.1054208E7
1.1195136E7
1.1917312E7
1.2090112E7
1.2338432E7
1.2559616E7
1.2468864E7
1.2571136E7
1.29632E7
1.3209216E7
1.2908544E7
1.3149312E7
1.31328E7
1.294976E7
1.2842496E7
1.3349888E7
1.368768E7
1.3348608E7
1.33536E7
1.351808E7
1.3833472E7
1.3785728E7
1.335616E7
1.2965632E7
1.28768E7
1.2643328E7
1.3208576E7
1.344512E7
1.3497344E7
1.3510016E7
1.3428608E7
1.3045248E7
1.2792704E7
1.2965248E7
1.2861952E7
1.2936448E7
1.2822272E7
1.2550016E7
1.281152E7
1.2763392E7
1.287104E7
1.2964352E7
1.2549888E7
1.3075072E7
1.4116352E7
1.4515712E7
1.4262528E7
1.4253056E7
1.4362624E7
1.5024128E7
1.550592E7
1.5228416E7
1.5308928E7
1.5079296E7
1.4131328E7
1.429952E7
1.4713472E7
1.5205632E7
1.5371648E7
1.4795264E7
1.515904E7
1.5154432E7
1.4801536E7
1.466944E7
1.4438016E7
1.4393984E7
1.473344E7
1.5421824E7
1.578496E7
1.5769856E7
1.6365312E7
1.6262656E7
1.6515328E7
1.703104E7
1.6897152E7
1.6944384E7
1.7579392E7
1.8369152E7
1.8132864E7
1.7916928E7
1.809088E7
1.8068096E7
1.8449664E7
1.8365824E7
1.8328576E7
1.8818816E7
1.8961536E7
1.9247616E7
1.9481088E7
1.9564928E7
1.9608576E7
1.9442048E7
1.9438208E7
1.9928064E7
2.0477696E7
2.0047232E7
1.9964672E7
2.061568E7
2.0614784E7
2.0529024E7
2.0856064E7
2.1540864E7
2.1309568E7
2.1370752E7
2.152896E7
2.2025344E7
2.1960192E7
2.269824E7
2.3617408E7
2.3819264E7
2.4391424E7
2.5084032E7
2.4820096E7
2.4957568E7
2.5366016E7
2.5223552E7
2.5911808E7
2.637952E7
2.662912E7
2.696192E7
2.7691776E7
2.8086656E7
2.8688E7
2.9217792E7
2.9562112E7
2.9969536E7
2.9915904E7
3.0198912E7
3.1112832E7
3.1439616E7
3.1506048E7
3.17568E7
3.2161536E7
3.2158976E7
3.223232E7
3.2417408E7
3.2499072E7
3.2557952E7
3.1959808E7
3.2018304E7
3.256128E7
3.3154048E7
3.3232896E7
3.2793984E7
3.283328E7
3.2811776E7
3.2853888E7
3.267072E7
3.2255488E7
3.2375168E7
3.2779136E7
3.2990848E7
3.3212416E7
3.3643776E7
3.420288E7
3.4515328E7
3.4393344E7
3.4754048E7
3.6014976E7
3.6064256E7
3.5710208E7
3.5988608E7
3.633472E7
3.6584704E7
3.7207168E7
3.7317376E7
3.8296704E7
3.960576E7
4.0434432E7
4.0938624E7
4.1548288E7
4.210624E7
4.251072E7
4.2728448E7
4.2986112E7
4.346112E7
4.3533056E7
4.3332224E7
4.3583616E7
4.4420352E7
4.4669312E7
4.4592768E7
4.4978176E7
4.5756544E7
4.6308608E7
4.6638464E7
4.6654208E7
4.7602944E7
4.8267904E7
4.8735488E7
4.9005696E7
4.897344E7
4.9508096E7
5.1042048E7
5.142464E7
5.1552512E7
5.208576E7
5.2548352E7
5.3190016E7
5.3857408E7
5.4518144E7
5.5099392E7
5.5802112E7
5.6183936E7
5.6199296E7
5.6997248E7
5.7765504E7
5.794688E7
5.791232E7
5.8425472E7
5.8854144E7
5.9685504E7
6.1029248E7
6.1288192E7
6.1377152E7
6.1241856E7
6.129024E7
6.1471616E7
6.2180736E7
6.3206656E7
6.4417408E7
6.5772288E7
6.6878592E7
6.7102976E7
6.7359872E7
6.7990656E7
6.8012032E7
6.8142208E7
6.875008E7
6.9565312E7
6.9611264E7
6.9324288E7
6.9644288E7
7.0164736E7
6.9476864E7
6.8849536E7
6.8300416E7
6.7565312E7
6.6581504E7
6.5159296E7
6.4266752E7
6.2995712E7
6.1827072E7
6.0839808E7
6.002112E7
5.9029376E7
5.820544E7
5.7837824E7
5.8081408E7
5.811136E7
5.7193856E7
5.6309504E7
5.5602304E7
5.4174336E7
5.3324544E7
5.2752768E7
5.1779456E7
5.0463872E7
4.8783616E7
4.7130368E7
4.5655296E7
4.4270464E7
4.3142016E7
4.268864E7
4.2481536E7
4.220224E7
4.2262912E7
4.2572544E7
4.3909504E7
4.6213248E7
4.9334016E7
5.3462912E7
5.7551744E7
6.146176E7
6.4532864E7
6.78816E7
7.206144E7
7.585856E7
7.918592E7
8.1806464E7
8.5190912E7
8.8034688E7
9.0821504E7
9.3713792E7
9.536448E7
9.7495552E7
1.0019008E8
1.02569984E8
1.06009984E8
1.08958464E8
1.11280384E8
1.14456704E8
1.17534464E8
1.2067392E8
1.22905216E8
1.24669824E8
1.26947584E8
1.2931904E8
1.30980992E8
1.32589824E8
1.34305024E8
1.36569216E8
1.38690944E8
1.41154176E8
1.43020032E8
1.44575744E8
1.45850368E8
1.4780608E8
1.49460736E8
1.50653184E8
1.51949184E8
1.52922496E8
1.54100352E8
1.54730752E8
1.55421696E8
1.5581056E8
1.56763904E8
1.57558784E8
1.58713216E8
1.5983168E8
1.61576832E8
1.63857664E8
1.6494464E8
1.664608E8
1.6791296E8
1.69715584E8
1.712736E8
1.7354432E8
1.7575424E8
1.78167552E8
1.80561408E8
1.82014208E8
1.83728E8
1.85429632E8
1.87831552E8
1.90323072E8
1.92656128E8
1.94632064E8
1.9587904E8
1.97433472E8
2.00205952E8
2.02828928E8
2.04941184E8
2.0713728E8
2.09123968E8
2.11748096E8
2.14086912E8
2.16649088E8
2.1879808E8
2.20577152E8
2.2275712E8
2.25403008E8
2.27675776E8
2.29814528E8
2.32326272E8
2.34320128E8
2.36709248E8
2.39492352E8
2.42440832E8
2.45526528E8
2.49006464E8
2.52252544E8
2.56571264E8
2.60547712E8
2.6403456E8
2.67892224E8
2.72215168E8
2.76497536E8
2.80905472E8
2.85095424E8
2.90829696E8
2.9602816E8
3.0154688E8
3.07300864E8
3.1319488E8
3.1960128E8
3.269728E8
3.34524288E8
3.4159104E8
3.4922304E8
3.57081216E8
3.65186304E8
3.73674112E8
3.81175168E8
3.88182528E8
3.95362176E8
4.01911296E8
4.09385984E8
4.17767936E8
4.26241408E8
4.34369792E8
4.4388032E8
4.53077632E8
4.63202944E8
4.73810432E8
4.84384256E8
4.95262592E8
5.06471936E8
5.17899648E8
5.2821248E8
5.38339712E8
5.482912E8
5.5742336E8
5.65328256E8
5.7252288E8
5.80717696E8
5.89554944E8
5.98373248E8
6.07917184E8
6.1803328E8
6.28606336E8
6.40488832E8
6.52950016E8
6.65918592E8
6.79661312E8
6.94318848E8
7.095008E8
7.25146496E8
7.40270464E8
7.57209984E8
7.7426816E8
7.91620736E8
8.10009216E8
8.292352E8
8.48752256E8
8.68777088E8
8.89854848E8
9.12192128E8
9.35158272E8
9.58884352E8
9.82850304E8
1.007284736E9
1.033685376E9
1.06098624E9
1.089901952E9
1.119849216E9
1.150150784E9
1.181929216E9
1.215444608E9
1.250507264E9
1.286546048E9
1.324468736E9
1.363622016E9
1.404990976E9
1.448734848E9
1.494208768E9
1.541666944E9
1.59174656E9
1.644686336E9
1.699096064E9
1.756050432E9
1.81672896E9
1.88056256E9
1.947684736E9
2.018530688E9
2.09260032E9
2.171258368E9
2.254545536E9
2.343170816E9
2.436000768E9
2.535574016E9
2.641464832E9
2.754163968E9
2.87464256E9
3.003337728E9
3.1407328E9
3.288319232E9
3.446462336E9
3.616008448E9
3.79782208E9
3.993268224E9
4.203528064E9
4.431643776E9
4.678733952E9
4.947538048E9
5.239428352E9
5.558023552E9
5.905665024E9
6.287348224E9
6.706620416E9
7.169816576E9
7.682008576E9
8.248822784E9
8.877487872E9
9.580161024E9
1.0369308672E10
1.126009792E10
1.2266957056E10
1.3402165632E10
1.4655913472E10
1.5992142208E10
1.740133952E10
1.89189568E10
2.0564174592E10
2.2292028672E10
2.392014592E10
2.5317672064E10
2.6591197184E10
2.78183584E10
2.895899776E10
2.9862698496E10
3.052525184E10
3.1210388096E10
3.208681088E10
3.3151872256E10
3.4344136832E10
3.5580494336E10
3.678992256E10
3.7926533376E10
3.8972634624E10
3.9940931456E10
4.0866022016E10
4.1764141824E10
4.2625299072E10
4.3389947136E10
4.3899999104E10
4.4043437184E10
4.3961791232E10
4.3669085184E10
4.2914434304E10
4.1445279744E10
3.9289825408E10
3.6674088064E10
3.3712776704E10
3.032001856E10
2.6617097856E10
2.3088643584E10
1.9998472576E10
1.7376598784E10
1.5170944768E10
1.3312259584E10
1.1732576768E10
1.0379603072E10
9.212730496E9
8.202752E9
7.332562048E9
6.588512E9
5.953461632E9
5.40768128E9
4.932726528E9
4.515659264E9
4.146703232E9
3.816621312E9
3.520106496E9
3.255527296E9
3.023977344E9
2.82117248E9
2.641857536E9
2.48196928E9
2.338371712E9
2.208928896E9
2.091175808E9
1.982839808E9
1.884473856E9
1.794248704E9
1.710964864E9
1.634257792E9
1.563549696E9
1.497507456E9
1.436526592E9
1.378738304E9
1.325350528E9
1.275087872E9
1.227015936E9
1.181919232E9
1.14015936E9
1.09993088E9
1.061957376E9
1.0262688E9
9.93166592E8
9.6178816E8
9.31968128E8
9.03441664E8
8.7632768E8
8.50710784E8
8.26385024E8
8.0250816E8
7.80653056E8
7.59241856E8
7.38465152E8
7.18281856E8
6.9904192E8
6.80655744E8
6.630272E8
6.46034944E8
6.30610688E8
6.15755904E8
6.01304192E8
5.86527232E8
5.72492672E8
5.59573888E8
5.47437312E8
5.354432E8
5.24072832E8
5.13496704E8
5.02653056E8
4.93087488E8
4.8375232E8
4.73641088E8
4.64137984E8
4.54852864E8
4.45928192E8
4.37732864E8
4.29662848E8
4.22137344E8
4.14883328E8
4.07485312E8
3.99746048E8
3.92814464E8
3.86347904E8
3.7989696E8
3.73651712E8
3.677696E8
3.61408E8
3.55007104E8
3.48286336E8
3.41896192E8
3.35053312E8
3.28932992E8
3.22671744E8
3.16110592E8
3.09615488E8
3.02870784E8
2.96360064E8
2.89858816E8
2.83193472E8
2.76383488E8
2.69485312E8
2.62903808E8
2.56399104E8
2.49563392E8
2.42889472E8
2.36590208E8
2.29841536E8
2.2322752E8
2.16639872E8
2.10371712E8
2.04171776E8
1.98536448E8
1.93764608E8
1.89596672E8
1.86617344E8
1.8441024E8
1.82528256E8
1.81806592E8
1.81823744E8
1.81461632E8
1.81218176E8
1.81168896E8
1.80792064E8
1.80231808E8
1.79540736E8
1.779808E8
1.76330368E8
1.74480256E8
1.72504576E8
1.71174912E8
1.69581056E8
1.67784192E8
1.65960832E8
1.6453952E8
1.64021888E8
1.63777536E8
1.63041024E8
1.63078912E8
1.63927168E8
1.64851328E8
1.65625216E8
1.6516224E8
1.6358848E8
1.61500416E8
1.60226816E8
1.58593408E8
1.56418944E8
1.5445568E8
1.52837376E8
1.51053824E8
1.48654848E8
1.4685184E8
1.45088128E8
1.43625856E8
1.41935488E8
1.39573376E8
1.3733696E8
1.35468544E8
1.34547584E8
1.3296192E8
1.31792768E8
1.30256512E8
1.28832256E8
1.28060032E8
1.2663808E8
1.2528128E8
1.24560256E8
1.2373312E8
1.2275392E8
1.22289536E8
1.21892864E8
1.21074432E8
1.20480128E8
1.1947264E8
1.18553472E8
1.1750144E8
1.16791936E8
1.15525248E8
1.14593664E8
1.14409088E8
1.14221824E8
1.13864832E8
1.1320256E8
1.13099392E8
1.12777344E8
1.12112896E8
1.1107968E8
1.10050304E8
1.09085056E8
1.08010368E8
1.06454016E8
1.05893632E8
1.05324544E8
1.0460608E8
1.0336256E8
1.023808E8
1.01754112E8
1.00949504E8
9.9832192E7
9.8831232E7
9.74464E7
9.5994752E7
9.4708736E7
9.373184E7
9.2815744E7
9.1956608E7
9.0588288E7
8.9899648E7
8.9725312E7
8.999104E7
9.0694016E7
9.0574336E7
9.0732288E7
9.102656E7
9.2052352E7
9.27872E7
9.4238336E7
9.5094784E7
9.5785984E7
9.66624E7
9.7897216E7
9.9338624E7
1.00759424E8
1.02355456E8
1.035904E8
1.04627584E8
1.05263616E8
1.05315456E8
1.05801472E8
1.06212864E8
1.06718592E8
1.07607552E8
1.0834112E8
1.08592512E8
1.0877056E8
1.09731328E8
1.09924736E8
1.09786752E8
1.08842496E8
1.0844864E8
1.08174208E8
1.07126272E8
1.05512704E8
1.0374976E8
1.01832064E8
9.9290112E7
9.5956096E7
9.2520448E7
8.805312E7
8.3524096E7
7.9407488E7
7.465792E7
7.0608896E7
6.7251712E7
6.3676288E7
6.0569216E7
5.7987328E7
5.5489408E7
5.3750016E7
5.2952192E7
5.2393344E7
5.150528E7
5.0622976E7
4.9622784E7
4.87328E7
4.7445376E7
4.6668672E7
4.658304E7
4.6638464E7
4.68096E7
4.6377472E7
4.5956096E7
4.5455232E7
4.4619136E7
4.4298496E7
4.3584384E7
4.2893312E7
4.2112128E7
4.14976E7
4.144832E7
4.1220736E7
4.1041152E7
4.1206784E7
4.15392E7
4.18592E7
4.1747584E7
4.1864704E7
4.1786752E7
4.164672E7
4.1493504E7
4.1341824E7
4.103168E7
4.0957056E7
4.0876544E7
4.06272E7
4.0399104E7
4.034496E7
4.0348288E7
4.0371968E7
4.0302976E7
3.9457152E7
3.8885504E7
3.8664832E7
3.8261248E7
3.7500544E7
3.7026048E7
3.6529152E7
3.6219392E7
3.5934848E7
3.6114816E7
3.6237568E7
3.5854336E7
3.6059776E7
3.57632E7
3.5574272E7
3.4780544E7
3.4112896E7
3.44192E7
3.371136E7
3.374144E7
3.408448E7
3.3804544E7
3.318592E7
3.334528E7
3.2653952E7
3.1878144E7
3.1472256E7
3.0880256E7
3.0883456E7
3.0608512E7
3.0498304E7
3.0148608E7
3.0184704E7
3.0100096E7
2.9859584E7
2.9843456E7
2.9449472E7
2.925056E7
2.9178368E7
2.861952E7
2.742464E7
2.6821504E7
2.7085568E7
2.6806528E7
2.6679424E7
2.7043968E7
2.74464E7
2.758976E7
2.719936E7
2.7429248E7
2.777664E7
2.8039808E7
2.8386688E7
2.7998464E7
2.72864E7
2.692544E7
2.6610816E7
2.6633472E7
2.696512E7
2.6637952E7
2.6625664E7
2.6262528E7
2.6278656E7
2.667072E7
2.6411392E7
2.579008E7
2.5474816E7
2.5191296E7
2.4931584E7
2.5506176E7
2.5278208E7
2.4836992E7
2.4362752E7
2.4492288E7
2.458944E7
2.4441088E7
2.400704E7
2.3518464E7
2.36512E7
2.3457024E7
2.3037696E7
2.2667264E7
2.2206848E7
2.1815552E7
2.1358976E7
2.1028736E7
2.1556096E7
2.1164032E7
2.0451968E7
2.0857344E7
2.1577216E7
2.1307136E7
2.1057536E7
2.1299584E7
2.0966656E7
2.1070592E7
2.1517056E7
2.1791104E7
2.1579008E7
2.1389568E7
2.1457408E7
2.1566208E7
2.1774848E7
2.143168E7
2.1391744E7
2.1381376E7
2.1920384E7
2.2178688E7
2.221824E7
2.1933696E7
2.1858048E7
2.2308224E7
2.193408E7
2.1684096E7
2.211392E7
2.1610112E7
2.1006464E7
2.0622848E7
2.0753664E7
2.112832E7
2.1304192E7
2.174784E7
2.1507968E7
2.1034624E7
2.0704128E7
2.051648E7
2.0040064E7
1.9764224E7
1.9648896E7
1.9925888E7
1.957632E7
1.9475712E7
1.956352E7
1.9649792E7
1.8915712E7
1.8323968E7
1.81728E7
1.8299008E7
1.9152256E7
1.8624384E7
1.8097024E7
1.8339968E7
1.8207104E7
1.758848E7
1.7372032E7
1.7003776E7
1.6834048E7
1.7130624E7
1.7169792E7
1.6809728E7
1.6264576E7
1.5956224E7
1.5526144E7
1.58304E7
1.5804032E7
1.5429888E7
1.533632E7
1.5184384E7
1.5140736E7
1.5238016E7
1.5309568E7
1.5565952E7
1.5594624E7
1.4927232E7
1.4530944E7
1.476416E7
1.5463424E7
1.5494912E7
1.5985664E7
1.6109696E7
1.5582976E7
1.5452672E7
1.5042816E7
1.5136256E7
1.5307008E7
1.5530752E7
1.5758976E7
1.562752E7
1.5019392E7
1.4198144E7
1.398144E7
1.4269952E7
1.41984E7
1.3827328E7
1.3239424E7
1.2969728E7
1.2463232E7
1.1861248E7
1.139328E7
1.0986496E7
1.0759552E7
1.0431232E7
1.0398592E7
1.0232064E7
9671552.0
9364352.0
9201280.0
8263168.0
8064896.0
8746240.0
8224128.0
6508544.0
6569728.0
6866432.0
6789120.0
6599296.0
6392960.0
7013760.0
7235840.0
6139520.0
5614720.0
5570560.0
5377408.0
5446784.0
5365760.0
5861632.0
6178048.0
6304384.0
6009472.0
5699200.0
5663744.0
5668992.0
5688320.0
6467328.0
6816512.0
6562944.0
6538368.0
6393088.0
6789120.0
7094528.0
7509120.0
7937664.0
8160256.0
8562944.0
9123968.0
9585280.0
1.0684032E7
1.154624E7
1.1487872E7
1.2301184E7
1.4062848E7
1.447488E7
1.4951168E7
1.5960832E7
1.5922688E7
1.534208E7
1.5574656E7
1.5265024E7
1.416128E7
1.3397376E7
1.255808E7
1.2350592E7
1.2180736E7
1.1326848E7
1.062656E7
1.0721792E7
9616512.0
9196544.0
9374592.0
9303168.0
9143552.0
8661504.0
8769920.0
9166208.0
8742272.0
7804544.0
7117824.0
6606080.0
5921664.0
6243968.0
6076416.0
5433984.0
5036544.0
5434624.0
5279616.0
4704896.0
5411584.0
5888000.0
5888512.0
5718016.0
5508480.0
5723008.0
6199040.0
5716864.0
5423104.0
5277184.0
5376000.0
5759616.0
5868160.0
6009600.0
5739776.0
6049408.0
6910336.0
7305088.0
7048704.0
6617088.0
6663552.0
6337920.0
6115456.0
6580992.0
6707200.0
6017280.0
5858816.0
5137152.0
4456704.0
3787264.0
3078656.0
2681984.0
2636416.0
1717504.0
-123904.0
-1435904.0
-2534144.0
-3554048.0
-4157696.0
-4607872.0
-5108864.0
-5863936.0
-6758784.0
-7218048.0
-7432192.0
-8079872.0
-7974016.0
-8191232.0
-8454016.0
-8217088.0
-8074496.0
-7916288.0
-7736192.0
-6889088.0
-5821440.0
-4632192.0
-3123968.0
-1642496.0
70272.0
2574848.0
5273216.0
8041216.0
9952256.0
1.1766912E7
1.322944E7
1.3773184E7
1.4007552E7
1.4167296E7
1.3756288E7
1.2890752E7
1.2469888E7
1.2090496E7
1.14496E7
1.051712E7
1.0240128E7
9976832.0
9067264.0
8750848.0
8140672.0
7778944.0
7334400.0
6649856.0
5856512.0
5242496.0
4373248.0
4104064.0
3189632.0
2299648.0
1521152.0
1059456.0
1124480.0
756736.0
363008.0
-294784.0
-621312.0
-699520.0
-695936.0
-1189760.0
-1928064.0
-2456576.0
-2265088.0
-2060160.0
-1794816.0
-1130112.0
-991360.0
-202752.0
51712.0
143360.0
365440.0
-154368.0
-251776.0
-312832.0
184448.0
449920.0
478336.0
211456.0
552320.0
1198208.0
1491584.0
1550976.0
1580160.0
1870336.0
2063232.0
1941760.0
2032128.0
2062208.0
2350720.0
2407552.0
2695552.0
2614784.0
2496128.0
2399360.0
2636672.0
3214976.0
2382464.0
1611648.0
1970304.0
2489088.0
2338816.0
1581696.0
972800.0
945024.0
1241472.0
1439616.0
1543936.0
1343232.0
803072.0
634496.0
945280.0
1287936.0
358016.0
-435200.0
-1107328.0
-1058304.0
-721664.0
-1153280.0
-814848.0
-1050368.0
-1131264.0
-929792.0
-969088.0
-1522304.0
-1557504.0
-1255424.0
-1240832.0
-815488.0
-1045760.0
-1315072.0
-1721216.0
-1773056.0
-1582592.0
-1292032.0
-1467904.0
-1307776.0
-970880.0
-1052544.0
-882816.0
-630144.0
14720.0
60032.0
177920.0
507392.0
647936.0
984064.0
1594624.0
1506048.0
1252352.0
1807104.0
2198528.0
1855616.0
1417088.0
1897216.0
1785344.0
1447424.0
1361920.0
1449728.0
1334784.0
1358336.0
1327488.0
1145472.0
1195648.0
1753856.0
2093184.0
1572864.0
979968.0
1560320.0
1036544.0
941952.0
1753344.0
1733760.0
1579904.0
1145344.0
1132032.0
1243008.0
1398144.0
1489792.0
858112.0
471168.0
165248.0
259072.0
-10240.0
-1087232.0
-1153536.0
-723328.0
-455936.0
-640128.0
-633728.0
-1212544.0
-1432320.0
-1198336.0
-631936.0
-1074304.0
-1129856.0
-1134720.0
-1101184.0
-913792.0
-897792.0
-976768.0
-1343744.0
-1237504.0
-676352.0
-806016.0
-620416.0
-393472.0
-202112.0
237824.0
653184.0
732032.0
1026688.0
1422976.0
1641600.0
1894784.0
1512448.0
1368064.0
1107328.0
839552.0
1352960.0
1794560.0
1646464.0
1695616.0
1328768.0
869760.0
1000576.0
1492992.0
1405696.0
1076480.0
667904.0
799616.0
830720.0
674304.0
285312.0
637824.0
1027712.0
651648.0
442624.0
102016.0
-212352.0
-19456.0
-174592.0
-175232.0
-29440.0
-294656.0
-513152.0
-250880.0
-716416.0
-1507456.0
-1468416.0
-1513600.0
-1408000.0
-1880192.0
-2809728.0
-2748800.0
-2675968.0
-2464000.0
-2661632.0
-2932352.0
-2712704.0
-2707328.0
-2905216.0
-2811136.0
-2544768.0
-2298112.0
-2193792.0
-2245120.0
-2492160.0
-2630528.0
-3148544.0
-3406976.0
-3421824.0
-3205248.0
-2786176.0
-2605952.0
-2602240.0
-3048960.0
-2732800.0
-3210624.0
-3547648.0
-3472128.0
-3470208.0
-3371392.0
-3058176.0
-3431296.0
-4186112.0
-4905600.0
-5142272.0
-5321216.0
-5409920.0
-5686784.0
-5170560.0
-5063040.0
-5424128.0
-4793344.0
-4707456.0
-5322368.0
-5540608.0
-5188864.0
-5253376.0
-5564288.0
-5958528.0
-5964928.0
-6174848.0
-6926080.0
-6340992.0
-5735808.0
-5575680.0
-5278720.0
-5308032.0
-5263616.0
-5267456.0
-4418048.0
-4512256.0
-4778240.0
-4077440.0
-3545344.0
-3722752.0
-4295296.0
-4499328.0
-4071552.0
-3707520.0
-3989376.0
-4279936.0
-4291968.0
-4573824.0
-4352384.0
-4363264.0
-4677248.0
-4800384.0
-4834944.0
-4535040.0
-4435072.0
-4608512.0
-4316800.0
-3985152.0
-4232192.0
-4140032.0
-4481536.0
-4352896.0
-4480512.0
-4527616.0
-4250368.0
-4228096.0
-4365952.0
-4265984.0
-4037376.0
-4409344.0
-4570496.0
-4257152.0
-3725440.0
-3759744.0
-3706880.0
-3376000.0
-3547776.0
-3960704.0
-4221952.0
-4049408.0
-3780736.0
-3704320.0
-3602304.0
-4152832.0
-4155008.0
-4449280.0
-4206976.0
-4084480.0
-3433088.0
-2979328.0
-3120512.0
-3335936.0
-3387904.0
-2806400.0
-2447104.0
-1798272.0
-1526784.0
-1469952.0
-1861120.0
-2279168.0
-1813760.0
-1107456.0
-869376.0
-913408.0
-748160.0
-272256.0
683392.0
1662464.0
1497728.0
1609088.0
1402112.0
1043712.0
726656.0
1192192.0
1669888.0
1930240.0
2869632.0
2831744.0
3008000.0
3277696.0
3390848.0
3594880.0
3652864.0
4357632.0
3932160.0
3507200.0
3135616.0
3233792.0
3608704.0
3832320.0
4005248.0
4299648.0
4818816.0
5078144.0
4788480.0
4688128.0
4896128.0
5597440.0
5952256.0
5453824.0
6080256.0
6495872.0
6313600.0
6381440.0
6635136.0
6058880.0
5938944.0
5798784.0
5875584.0
5823744.0
5390592.0
5276800.0
5559040.0
5374592.0
4709632.0
4307456.0
4424960.0
4974976.0
5019776.0
4821120.0
4354688.0
4239488.0
3800960.0
3973760.0
4374400.0
4158848.0
4194048.0
4074624.0
4177024.0
4446720.0
4733952.0
4472448.0
4109312.0
4451456.0
4677120.0
5087488.0
5634560.0
5415424.0
5410688.0
5416320.0
6051200.0
6220416.0
5835008.0
5634432.0
5333504.0
5041536.0
5351936.0
5565824.0
5396992.0
6030848.0
5937536.0
5916928.0
6272896.0
6428288.0
6461824.0
6510976.0
6588032.0
7018880.0
7286912.0
7720064.0
8480768.0
8479744.0
8258816.0
8061440.0
7997952.0
8748544.0
9658368.0
9573632.0
9560064.0
9814784.0
1.0081664E7
1.0099712E7
9721088.0
9500928.0
9215488.0
9562880.0
1.014336E7
1.0415488E7
1.0536448E7
1.0129536E7
9963136.0
1.0219264E7
1.0304768E7
1.0000512E7
1.0181248E7
9953024.0
9606144.0
9773824.0
9945216.0
9834240.0
9347968.0
9240064.0
9048704.0
9402880.0
9804032.0
9735680.0
9087744.0
9125760.0
9078144.0
8687616.0
8926080.0
8803584.0
9090560.0
9658880.0
9983360.0
9479296.0
9211392.0
9535488.0
9304704.0
9143680.0
8760960.0
8353152.0
8603136.0
9058176.0
9057408.0
8713856.0
8059136.0
8206720.0
7927808.0
7915776.0
7368576.0
6398720.0
6459008.0
5716736.0
5486848.0
5328128.0
5334784.0
5590912.0
5036672.0
4440704.0
3910272.0
3309568.0
3074176.0
2997120.0
2501248.0
2151040.0
2062848.0
2167680.0
2195712.0
2113920.0
2130560.0
1742976.0
1310336.0
805248.0
697984.0
829696.0
1074560.0
496256.0
-402816.0
-1022720.0
-633728.0
-426496.0
-679808.0
-943744.0
-1711744.0
-2012672.0
-2013952.0
-1678208.0
-1518720.0
-1930880.0
-1767424.0
-1546880.0
-1588096.0
-2223872.0
-3005312.0
-3367552.0
-2996352.0
-2785408.0
-2805888.0
-2958080.0
-3121280.0
-3002240.0
-3101696.0
-3463424.0
-3877888.0
-4121856.0
-3666816.0
-3134848.0
-3119360.0
-3115904.0
-3580416.0
-3631232.0
-3828992.0
-3739904.0
-4347264.0
-4670208.0
-4654720.0
-4441984.0
-4038272.0
-4262144.0
-4422400.0
-3971200.0
-4230272.0
-4462464.0
-4275328.0
-4607616.0
-4882688.0
-4708608.0
-5165312.0
-5062528.0
-4605184.0
-4509824.0
-4563968.0
-4711552.0
-4662912.0
-4408576.0
-4316672.0
-4521088.0
-4426624.0
-4721920.0
-4910080.0
-4828288.0
-4627584.0
-4587392.0
-4707840.0
-4894592.0
-4402944.0
-3805056.0
-3664896.0
-4146944.0
-3862016.0
-4084864.0
-4530432.0
-4465536.0
-4100096.0
-4039552.0
-4373248.0
-4378112.0
-3941632.0
-3963648.0
-3564800.0
-3294208.0
-3698304.0
-3085312.0
-3478016.0
-3643008.0
-3416576.0
-4274816.0
-4862848.0
-5007360.0
-5104640.0
-4286976.0
-4116096.0
-4418432.0
-3936768.0
-3716992.0
-3761024.0
-3447296.0
-3730176.0
-4103040.0
-3666048.0
-3649536.0
-3752704.0
-3301760.0
-3156096.0
-3605888.0
-3352320.0
-3399296.0
-3665792.0
-3207808.0
-2900224.0
-3471744.0
-3522560.0
-3084800.0
-2984960.0
-2717056.0
-2470784.0
-2191104.0
-2731648.0
-3371264.0
-3700736.0
-3293440.0
-3169152.0
-3324288.0
-3159936.0
-3281152.0
-3348736.0
-3171840.0
-3221504.0
-3443840.0
-3372800.0
-3168768.0
-2652288.0
-1798784.0
-1981312.0
-2910080.0
-2709760.0
-2887552.0
-3209856.0
-3158656.0
-2972416.0
-2623872.0
-2795648.0
-3184384.0
-3250944.0
-2724736.0
-2656256.0
-3506304.0
-3859584.0
-3648512.0
-3144448.0
-2673920.0
-3108224.0
-3470208.0
-2939648.0
-2230912.0
-2661632.0
-2912640.0
-2329216.0
-2599680.0
-2061184.0
-1287040.0
-1206528.0
-927744.0
-572032.0
-419840.0
-891520.0
-585088.0
-293760.0
-191232.0
358400.0
1564288.0
1508480.0
1162752.0
1764736.0
2247552.0
3082368.0
3363840.0
3075072.0
3442304.0
4699520.0
5433472.0
5815936.0
5839360.0
6983296.0
7197696.0
7982464.0
9591552.0
1.0322688E7
1.0987136E7
1.1728256E7
1.3030272E7
1.4226304E7
1.5041024E7
1.5434752E7
1.6428416E7
1.7473664E7
1.9357568E7
2.0693376E7
2.184384E7
2.3202816E7
2.5378176E7
2.754304E7
2.965888E7
3.1879936E7
3.3716224E7
3.596224E7
3.8213376E7
4.0644096E7
4.2996096E7
4.6109312E7
4.8958592E7
5.1846144E7
5.5522688E7
5.874688E7
6.225216E7
6.5417088E7
6.8579712E7
7.1723904E7
7.5330432E7
7.9582976E7
8.3394816E7
8.7193728E7
9.1069312E7
9.5043712E7
9.8937856E7
1.0310272E8
1.06952576E8
1.11368704E8
1.14981632E8
1.18840832E8
1.2315584E8
1.26604032E8
1.30283648E8
1.33705472E8
1.36732928E8
1.39476864E8
1.42587904E8
1.455648E8
1.4735168E8
1.49516672E8
1.5097088E8
1.52462464E8
1.53480576E8
1.54155776E8
1.54397184E8
1.54196608E8
1.53492224E8
1.51452672E8
1.49579008E8
1.47862656E8
1.45564928E8
1.43202176E8
1.40420224E8
1.36836224E8
1.34125952E8
1.30605824E8
1.27160064E8
1.24002816E8
1.20962176E8
1.18004608E8
1.15135744E8
1.12788992E8
1.09926656E8
1.06624768E8
1.03499008E8
1.00302976E8
9.7493504E7
9.516544E7
9.2936576E7
9.0928896E7
8.8989312E7
8.688448E7
8.474688E7
8.2318848E7
8.0439936E7
7.8759936E7
7.6503296E7
7.4476288E7
7.3143424E7
7.1488256E7
7.0103296E7
6.890176E7
6.749376E7
6.6285568E7
6.505152E7
6.368384E7
6.2631808E7
6.1538944E7
6.014784E7
5.8802688E7
5.7628416E7
5.6316672E7
5.5224064E7
5.3676544E7
5.2627712E7
5.1938176E7
5.1332224E7
5.0807296E7
4.9639424E7
4.897024E7
4.7868928E7
4.6885248E7
4.6395776E7
4.6500864E7
4.6034176E7
4.5267072E7
4.435648E7
4.3619072E7
4.3145344E7
4.2605184E7
4.2040448E7
4.1551488E7
4.1127936E7
4.0417792E7
3.9770368E7
3.9601536E7
3.8981632E7
3.8396672E7
3.7549696E7
3.712256E7
3.6688384E7
3.6645632E7
3.6165888E7
3.5091584E7
3.5132288E7
3.4756736E7
3.4779008E7
3.4626688E7
3.4602496E7
3.4482048E7
3.3441024E7
3.3154432E7
3.3072768E7
3.2472704E7
3.2265216E7
3.21696E7
3.1854848E7
3.185984E7
3.1563776E7
3.0900224E7
3.0453504E7
3.0517504E7
3.0649984E7
3.066304E7
3.0827136E7
3.0560512E7
3.0696576E7
3.0828032E7
3.0499328E7
3.0018176E7
2.9900544E7
2.97184E7
2.94784E7
2.9943296E7
3.028288E7
3.0348416E7
3.0696064E7
3.090368E7
3.0733696E7
3.0719232E7
3.1317888E7
3.2166528E7
3.2529408E7
3.2809472E7
3.2457088E7
3.2243072E7
3.3207808E7
3.4188928E7
3.4410752E7
3.4362496E7
3.4330368E7
3.420288E7
3.4857088E7
3.6052736E7
3.7126784E7
3.7067648E7
3.7265408E7
3.7795968E7
3.8733696E7
3.9644416E7
4.0025856E7
4.0140416E7
4.0292736E7
4.0964736E7
4.1545216E7
4.2290048E7
4.2685312E7
4.2760192E7
4.3217024E7
4.4100352E7
4.4512256E7
4.4473728E7
4.4605056E7
4.4835712E7
4.5419776E7
4.6052096E7
4.6184832E7
4.6371584E7
4.677504E7
4.721792E7
4.8173824E7
4.8659712E7
4.875648E7
4.9018496E7
4.96864E7
4.975488E7
4.9249792E7
4.8879872E7
4.8718976E7
4.8870784E7
4.847808E7
4.8281216E7
4.7551488E7
4.67808E7
4.6715008E7
4.6301056E7
4.559616E7
4.4650368E7
4.4216704E7
4.4281856E7
4.3702784E7
4.3521792E7
4.320896E7
4.2812416E7
4.278336E7
4.2444288E7
4.1803136E7
4.1392384E7
4.0235264E7
3.9471744E7
3.9577216E7
3.9613056E7
3.950208E7
3.9481472E7
3.9092224E7
3.9067136E7
3.8565632E7
3.771072E7
3.742016E7
3.6976896E7
3.6300544E7
3.5364736E7
3.4983168E7
3.4768896E7
3.4400512E7
3.4225024E7
3.3922944E7
3.3488128E7
3.3186432E7
3.258304E7
3.2188672E7
3.2012544E7
3.1657728E7
3.1202816E7
3.089344E7
3.0604928E7
2.995264E7
2.9605632E7
2.9349504E7
2.8614272E7
2.8841856E7
2.8735488E7
2.8281984E7
2.8082816E7
2.7603968E7
2.7705728E7
2.7641216E7
2.6810496E7
2.6564096E7
2.6629632E7
2.6100992E7
2.5941248E7
2.5954432E7
2.5364224E7
2.5135744E7
2.4846848E7
2.4675968E7
2.403712E7
2.4032512E7
2.3709312E7
2.3655936E7
2.3959552E7
2.351424E7
2.3410176E7
2.358336E7
2.3528576E7
2.2889984E7
2.2422016E7
2.196864E7
2.19104E7
2.1839488E7
2.1158016E7
2.108736E7
2.099712E7
2.0505472E7
2.054848E7
2.0392832E7
2.0882176E7
2.1129088E7
2.072256E7
2.0832384E7
2.0696448E7
2.0372608E7
2.0104576E7
1.9860224E7
2.0244352E7
2.0337408E7
1.9973376E7
2.0284416E7
1.996608E7
1.9568256E7
1.9497984E7
1.922752E7
1.910848E7
1.89728E7
1.90784E7
1.8671488E7
1.9024768E7
1.8522624E7
1.776576E7
1.7646208E7
1.7533824E7
1.7758848E7
1.7785472E7
1.764544E7
1.745216E7
1.7317888E7
1.6840192E7
1.6703616E7
1.7456512E7
1.772608E7
1.7701248E7
1.7888384E7
1.8126208E7
1.7624832E7
1.737664E7
1.7315328E7
1.676096E7
1.6403328E7
1.5935872E7
1.5540096E7
1.6278016E7
1.6389248E7
1.6240384E7
1.6301056E7
1.6292224E7
1.6510848E7
1.5854976E7
1.550208E7
1.5196544E7
1.5392E7
1.5532672E7
1.5502208E7
1.5222656E7
1.522752E7
1.49536E7
1.4864768E7
1.5205504E7
1.51968E7
1.4775808E7
1.507712E7
1.4867072E7
1.4299392E7
1.4578688E7
1.4132992E7
1.4195968E7
1.414976E7
1.3872128E7
1.400704E7
1.4195328E7
1.3890304E7
1.36E7
1.390272E7
1.3819776E7
1.3394432E7
1.3386496E7
1.3865472E7
1.362304E7
1.3196928E7
1.2742528E7
1.2478208E7
1.2257792E7
1.1831936E7
1.1947136E7
1.192256E7
1.2185856E7
1.2107008E7
1.223296E7
1.2620032E7
1.24288E7
1.2710784E7
1.3081984E7
1.2448768E7
1.1794688E7
1.2163584E7
1.1745408E7
1.1525248E7
1.1568512E7
1.1849472E7
1.1965824E7
1.1442176E7
1.1364992E7
1.1857664E7
1.1766272E7
1.1567616E7
1.1742208E7
1.1633408E7
1.1585024E7
1.1464192E7
1.14432E7
1.1100416E7
1.0957824E7
1.076224E7
1.0499456E7
1.0473344E7
1.0487936E7
1.0817792E7
1.0895104E7
1.0624128E7
1.05088E7
1.0191744E7
9748096.0
1.0028032E7
1.0286592E7
1.0182784E7
1.0421888E7
9991936.0
1.001408E7
1.0339072E7
1.0514176E7
1.0522368E7
1.0566272E7
1.040896E7
1.0404736E7
9766016.0
8949888.0
9369216.0
9670912.0
9345280.0
9654528.0
9900416.0
9891328.0
9501056.0
9077760.0
8748544.0
8993280.0
9072512.0
8515968.0
8626816.0
8535808.0
8775680.0
9135488.0
8838528.0
8713344.0
8756224.0
8502016.0
8330624.0
8154624.0
7970944.0
8186880.0
8823680.0
8326528.0
7629440.0
7913088.0
8546944.0
8575360.0
8766464.0
8286208.0
7865216.0
7581824.0
8061184.0
8859904.0
8703872.0
8790272.0
8636160.0
8253184.0
8281984.0
8383488.0
8212992.0
8239104.0
7937792.0
7208576.0
7134592.0
7639168.0
8295296.0
8318720.0
7765504.0
7059456.0
6707840.0
6927104.0
6990848.0
6666368.0
6051584.0
6143360.0
6620416.0
6572032.0
6530432.0
6192000.0
6795008.0
7046016.0
6690176.0
6285824.0
6024960.0
6235264.0
6727040.0
7584256.0
7445888.0
6973568.0
6859264.0
7134720.0
6997632.0
6560768.0
6012544.0
5924736.0
5897344.0
5880192.0
5543936.0
5662720.0
6157824.0
6219648.0
5889792.0
6301440.0
6460288.0
5801600.0
5352960.0
5173760.0
5762688.0
6085376.0
5470464.0
5620352.0
5843328.0
5846656.0
5621632.0
5886720.0
6191360.0
5872000.0
6014848.0
6020352.0
6155008.0
6075136.0
5336320.0
4846592.0
4548608.0
4729856.0
5337600.0
5751680.0
5540480.0
5076736.0
5430912.0
5085184.0
4684544.0
4624768.0
4868352.0
4844416.0
4774400.0
4736000.0
4612352.0
4757376.0
5330688.0
5532544.0
5798656.0
6140288.0
5924736.0
5737344.0
5295744.0
5237888.0
5378304.0
5556096.0
5206528.0
5021952.0
5265792.0
5308544.0
5049088.0
4582528.0
4738176.0
4394112.0
4493952.0
3741696.0
3352320.0
4269056.0
4920192.0
5472640.0
4974336.0
4428032.0
3698944.0
4224512.0
4639360.0
4101376.0
4235264.0
4252800.0
3739520.0
3589376.0
3902976.0
4071680.0
3878912.0
3659904.0
4183296.0
4012288.0
3818624.0
3801472.0
3781120.0
3758208.0
3917312.0
3931136.0
3689600.0
3517056.0
3475456.0
3192704.0
2852736.0
3156480.0
3572096.0
3611392.0
3488128.0
3457024.0
3127552.0
3158016.0
3076096.0
2706560.0
3002240.0
3026304.0
3151616.0
4053120.0
3837824.0
3441152.0
3110656.0
3692032.0
3652864.0
3465856.0
3310720.0
2980096.0
3633408.0
3581056.0
2719872.0
2475264.0
2692992.0
2594688.0
2322944.0
2292992.0
2144384.0
2014464.0
2600192.0
2804992.0
2531456.0
2349696.0
2229760.0
2077440.0
2530816.0
2412672.0
2318592.0
2420224.0
1639936.0
1379968.0
1745152.0
1548032.0
1374592.0
1506688.0
2183168.0
2265856.0
1726848.0
2034944.0
2207616.0
2165120.0
2580608.0
2735744.0
2252160.0
2290560.0
2190720.0
2320128.0
2633728.0
2302080.0
2136448.0
2140416.0
2174464.0
2074624.0
1769088.0
1915648.0
2014208.0
1914880.0
2124288.0
2030208.0
1687296.0
1462144.0
1901056.0
2229376.0
2232192.0
2132096.0
1745920.0
1380480.0
1225600.0
1122688.0
1023872.0
1062784.0
1369216.0
1324800.0
1472896.0
1864320.0
1920000.0
1844352.0
1872000.0
1488256.0
719744.0
779392.0
1395456.0
1144448.0
882688.0
737536.0
1458944.0
2132096.0
1825536.0
1534080.0
1484928.0
1531136.0
1197056.0
798080.0
726144.0
1036160.0
655616.0
375424.0
198144.0
426880.0
1190400.0
1901824.0
2038272.0
1404288.0
1100288.0
1161472.0
834048.0
957952.0
584192.0
62592.0
753920.0
1473792.0
1570048.0
1660416.0
1660288.0
1164800.0
557184.0
557952.0
1025024.0
1253888.0
986112.0
1035520.0
896768.0
851584.0
609536.0
592640.0
1073280.0
1538944.0
1284992.0
722816.0
643840.0
730368.0
608512.0
515072.0
636288.0
527232.0
327936.0
221184.0
123136.0
446080.0
1072768.0
596224.0
342272.0
621312.0
862336.0
1015552.0
991488.0
460544.0
500480.0
523392.0
467456.0
265472.0
-127872.0
-308864.0
-150528.0
458368.0
533888.0
8320.0
-106240.0
-131712.0
294144.0
47744.0
-179840.0
126592.0
461568.0
386816.0
294912.0
187904.0
415232.0
540288.0
91904.0
39296.0
80768.0
498304.0
562944.0
249216.0
-230144.0
149760.0
52864.0
151552.0
164224.0
-33152.0
15104.0
49280.0
28160.0
-264320.0
-514304.0
-262912.0
-81664.0
-788992.0
-818944.0
-267520.0
-328064.0
-836864.0
-1038464.0
-1261568.0
-931840.0
-376064.0
-638592.0
-329344.0
-341888.0
-700288.0
-824064.0
-617728.0
-535168.0
-544768.0
-246528.0
110208.0
1037952.0
1088000.0
183040.0
57344.0
95104.0
347648.0
0.0
-784512.0
-593536.0
-438144.0
-461952.0
-900224.0
-673792.0
-251392.0
-500480.0
-351616.0
-447488.0
-1152256.0
-1367808.0
-800640.0
-828672.0
-538496.0
-256640.0
-854528.0
-1108992.0
-882816.0
-674560.0
-863104.0
-1226624.0
-921984.0
99456.0
-44160.0
-673280.0
-1038208.0
-888448.0
-739456.0
-329344.0
-171136.0
-703872.0
-897664.0
-970240.0
-612224.0
-692480.0
-663168.0
-938752.0
-1102208.0
-436864.0
-371200.0
-696704.0
-737152.0
-136320.0
-181760.0
-156288.0
-414976.0
-735360.0
-721920.0
-406272.0
-110208.0
326016.0
137472.0
-119168.0
-305792.0
-701440.0
-833152.0
-502912.0
107648.0
-149888.0
-10752.0
-290304.0
-369536.0
-548480.0
-350848.0
-836352.0
-799744.0
-458752.0
-437248.0
-415616.0
-777856.0
-1255040.0
-1057024.0
-404352.0
-450688.0
-268160.0
-585216.0
-285056.0
-85760.0
-5120.0
174080.0
-146048.0
-112000.0
-391168.0
-924032.0
-839424.0
-572288.0
-1061632.0
-607104.0
-235264.0
-518016.0
-832384.0
-676992.0
-42880.0
-65408.0
-573440.0
-1271424.0
-1041152.0
-1113600.0
-1258752.0
-1009664.0
-146688.0
-188672.0
-630912.0
-808320.0
-869248.0
-1245056.0
-1649408.0
-1090816.0
-1010176.0
-1250944.0
-1220096.0
-866176.0
-340992.0
-397440.0
-1220480.0
-1244416.0
-978176.0
-1099904.0
-1572992.0
-1534848.0
-1133312.0
-1276928.0
-841088.0
-677632.0
-326528.0
46720.0
-347136.0
-525696.0
-540928.0
-386816.0
-740352.0
-1363712.0
-1667328.0
-1351040.0
-818432.0
-230528.0
-74112.0
-705792.0
-1008768.0
-871936.0
-678528.0
-1172096.0
-1141632.0
-795136.0
-1293056.0
-1874944.0
-1847040.0
-1672064.0
-1876992.0
-1904512.0
-1784576.0
-1178240.0
-1023488.0
-1074560.0
-1245312.0
-1396992.0
-1209728.0
-1036928.0
-820352.0
-1281024.0
-1683968.0
-815360.0
-604544.0
-527104.0
-468096.0
-832896.0
-1368832.0
-1616896.0
-1173248.0
-1439744.0
-1392128.0
-987392.0
-826752.0
-1316480.0
-1677696.0
-1501056.0
-1044096.0
-566912.0
-387200.0
-525952.0
-551808.0
39936.0
138880.0
-521984.0
-833024.0
-1089152.0
-1269760.0
-1070208.0
-835712.0
-1158144.0
-1387264.0
-1579264.0
-1531008.0
-937216.0
-760704.0
-586240.0
-724224.0
-1205888.0
-1322112.0
-830080.0
-719872.0
-1248768.0
-1278592.0
-1115392.0
-1120640.0
-1059840.0
-994048.0
-1115392.0
-1152512.0
-723072.0
-531584.0
-687104.0
-788608.0
-742400.0
-403200.0
-243200.0
474880.0
161664.0
-415488.0
-232448.0
-953472.0
-1428992.0
-1315328.0
-304768.0
-140160.0
-714496.0
-520320.0
-920704.0
-851456.0
-907392.0
-578176.0
-759168.0
-1139456.0
-637184.0
-575872.0
-730112.0
-946944.0
-1073664.0
-1434496.0
-1039360.0
-1337344.0
-1579008.0
-1865984.0
-1629440.0
-1151232.0
-586112.0
-872960.0
-1152000.0
-1145984.0
-819328.0
-312064.0
-885632.0
-1407744.0
-1239552.0
-884992.0
-797696.0
-911744.0
-1097856.0
-1076224.0
-938880.0
-373376.0
-315264.0
-338688.0
-536832.0
-460544.0
-457984.0
-139776.0
-487680.0
-941312.0
-747136.0
-870272.0
-1191808.0
-1127936.0
-1377920.0
-831104.0
-1014912.0
-1053312.0
-1138816.0
-1576960.0
-1095168.0
-1016448.0
-1164800.0
-1865728.0
-2004352.0
-1854976.0
-1874048.0
-1783680.0
-1986176.0
-1993472.0
-1337728.0
-1130880.0
-977792.0
-713600.0
-438912.0
-11648.0
-153472.0
-393344.0
-258560.0
-666496.0
-1223040.0
-1551744.0
-1314176.0
-957568.0
-264192.0
-209280.0
-383360.0
-929152.0
-1295616.0
-995072.0
-711296.0
-624256.0
-1063936.0
-1354368.0
-1253504.0
-656384.0
77952.0
-134144.0
-648960.0
-684288.0
-508928.0
-353152.0
-377088.0
-491008.0
-668672.0
-471296.0
-283520.0
-456192.0
-764672.0
-615808.0
-707968.0
-751872.0
-1102464.0
-1086976.0
-1089536.0
-622848.0
-290176.0
-559616.0
-851584.0
-1126656.0
-1369600.0
-1230848.0
-1274880.0
-1367552.0
-1030016.0
-1597952.0
-1748992.0
-1240832.0
-731264.0
-838656.0
-529536.0
-389504.0
-679680.0
-673920.0
-707840.0
-862592.0
-501632.0
-331904.0
22656.0
48512.0
-143360.0
-403584.0
-702464.0
-1044992.0
-1054464.0
-851328.0
-606976.0
-38656.0
-242688.0
-454528.0
-405632.0
-423040.0
-949120.0
-580608.0
-333696.0
-182400.0
-550400.0
-1384832.0
-1127936.0
-542336.0
-269568.0
-136192.0
209280.0
-7040.0
-569088.0
-411136.0
-203904.0
-239104.0
-585856.0
-933760.0
-850304.0
-156416.0
-112128.0
-781824.0
-903040.0
-623872.0
-496640.0
-11136.0
288128.0
326272.0
237440.0
-20992.0
18816.0
207744.0
349696.0
213632.0
49152.0
-172800.0
248320.0
255616.0
35456.0
-322176.0
81536.0
622080.0
408704.0
-351744.0
-218240.0
-343296.0
-552960.0
187392.0
440576.0
444416.0
525056.0
364288.0
475520.0
640384.0
263680.0
487808.0
272384.0
151296.0
230016.0
472064.0
485248.0
148992.0
-247040.0
43008.0
-14208.0
-18176.0
253824.0
-402432.0
-524288.0
-333440.0
-9088.0
-38912.0
-332288.0
-254336.0
-268288.0
-301952.0
7552.0
-342912.0
-558848.0
-121600.0
8192.0
-220544.0
-744704.0
-508672.0
-733056.0
-368512.0
121728.0
-421760.0
-296960.0
-260096.0
176768.0
-89728.0
-883968.0
-344832.0
151040.0
237696.0
358144.0
60928.0
-219520.0
-84864.0
-168832.0
398208.0
533248.0
-81664.0
-291328.0
64768.0
887808.0
505216.0
361344.0
489344.0
858240.0
707968.0
138368.0
-23168.0
-100736.0
135424.0
40448.0
0.0
534016.0
937216.0
949376.0
1086976.0
497536.0
-43008.0
-301184.0
-257024.0
253184.0
546304.0
689536.0
573568.0
652672.0
460288.0
609280.0
428672.0
410112.0
702592.0
307456.0
620416.0
556416.0
523648.0
343040.0
639488.0
1222912.0
1308032.0
951424.0
981120.0
1366016.0
1075456.0
696704.0
1362816.0
1342336.0
923776.0
835072.0
688768.0
868864.0
1054848.0
952448.0
656256.0
558848.0
840576.0
965504.0
723584.0
1219968.0
1054464.0
1453696.0
780416.0
-37248.0
133504.0
19712.0
388608.0
884352.0
1058048.0
1469952.0
1259520.0
1035392.0
792320.0
604416.0
955648.0
1238656.0
1095808.0
397696.0
757888.0
1116672.0
1002112.0
1209088.0
868864.0
953088.0
1159168.0
833792.0
783872.0
566272.0
767616.0
1018752.0
1355520.0
1293568.0
1604352.0
1658112.0
1621376.0
1638272.0
918656.0
527872.0
825472.0
652928.0
578816.0
603520.0
-47872.0
37248.0
707072.0
1199104.0
1086208.0
1035392.0
1430784.0
1377280.0
1320960.0
1460608.0
1376384.0
1318144.0
1517568.0
1435776.0
1552384.0
1441280.0
1106176.0
1402752.0
1569408.0
1741696.0
2236544.0
1725056.0
1228672.0
1625600.0
1774592.0
1905792.0
1531136.0
1213312.0
1382528.0
1429120.0
1436416.0
1875968.0
1784960.0
1400192.0
1205504.0
1359488.0
1078016.0
849920.0
1060352.0
1629952.0
1503872.0
1122944.0
1352448.0
1437568.0
1630464.0
1632256.0
1845632.0
1935488.0
1889536.0
1491840.0
1161600.0
1323904.0
1777408.0
2513280.0
2211840.0
2282624.0
2551808.0
2563712.0
2808960.0
2947584.0
2578944.0
2431232.0
2905856.0
2755200.0
3146624.0
3012224.0
2797952.0
3139456.0
3268224.0
2643328.0
2361472.0
2874240.0
2783360.0
2001024.0
1813120.0
1293952.0
1216128.0
2356480.0
2293632.0
2349696.0
2677888.0
2763776.0
3035392.0
2846464.0
2431104.0
2724352.0
3304704.0
3095680.0
2951936.0
3088384.0
3124992.0
2684800.0
2436608.0
2300160.0
2768384.0
2870912.0
2589952.0
2986880.0
3324160.0
3252224.0
3396608.0
3742080.0
3500928.0
2889344.0
2611840.0
3072512.0
2934528.0
3379584.0
3797376.0
3277952.0
3258368.0
2976768.0
3288192.0
3738112.0
2976000.0
2183552.0
1820800.0
2636672.0
2807168.0
3205248.0
3213952.0
3029632.0
2867456.0
3080576.0
3373824.0
3208960.0
2959360.0
2623104.0
3071616.0
3581696.0
3850752.0
3928192.0
3534720.0
2963968.0
3128192.0
3138560.0
3025280.0
2989568.0
3502848.0
3851776.0
3457408.0
3623296.0
4162176.0
3349888.0
3300480.0
3437952.0
3086848.0
3069184.0
2717696.0
2942464.0
3187840.0
2952064.0
3086720.0
3291904.0
3413760.0
3478528.0
3387648.0
3684096.0
3521280.0
3513216.0
3749632.0
4204416.0
4048640.0
3473792.0
3666432.0
3729536.0
4177792.0
3996544.0
4205952.0
4096768.0
4151680.0
3898496.0
3486592.0
3955712.0
4404096.0
3929472.0
3862784.0
4222336.0
4116480.0
4508288.0
3939072.0
3991936.0
4041600.0
3717632.0
3650048.0
3844736.0
3841408.0
4162816.0
4414720.0
4194560.0
3561728.0
3235456.0
3932928.0
4179584.0
4066688.0
3894016.0
3943680.0
3931136.0
3926400.0
3914240.0
4046720.0
4672512.0
4337280.0
4244736.0
4324224.0
4586368.0
4874496.0
5047040.0
4942976.0
4133888.0
3897728.0
4316160.0
4402048.0
4763776.0
5353216.0
5460352.0
5809024.0
5984000.0
5840640.0
5348864.0
5170432.0
5143552.0
5404160.0
5250816.0
5275264.0
5559424.0
5492736.0
5322880.0
5256320.0
5875456.0
6217472.0
5536256.0
4793472.0
5086464.0
5513984.0
5308160.0
4809600.0
4716672.0
5203968.0
5354240.0
4841856.0
4813568.0
5084800.0
5361792.0
5041792.0
4587392.0
5010560.0
5970176.0
5798912.0
5352832.0
5692032.0
5611264.0
5809280.0
5725824.0
5853184.0
5509120.0
5092864.0
4997120.0
5176448.0
5651968.0
5791488.0
5959296.0
6244224.0
6506880.0
6467328.0
6215936.0
5669504.0
5876480.0
5671552.0
5724288.0
6130048.0
6121216.0
6399872.0
6363648.0
6675840.0
6596096.0
6296320.0
5799936.0
6262528.0
6493696.0
6120320.0
5990656.0
5762560.0
5901184.0
6245248.0
6057344.0
5892736.0
6580352.0
6559360.0
6296192.0
6450944.0
6420608.0
6433792.0
6545280.0
6227968.0
6304384.0
6597248.0
6357888.0
5838592.0
6101248.0
6303104.0
6309632.0
6260608.0
6636032.0
6794496.0
6610432.0
6307584.0
6318592.0
7026816.0
7338624.0
6951936.0
7362176.0
6922880.0
6590464.0
6758016.0
6180608.0
6700416.0
6738560.0
6624512.0
6897920.0
6703488.0
6868096.0
7225856.0
7251712.0
7134208.0
7342080.0
7856384.0
8043392.0
8161024.0
7807872.0
7848448.0
7547904.0
7626496.0
7830656.0
7491328.0
7121280.0
7180416.0
7047936.0
7212672.0
7456000.0
7929984.0
8174976.0
7665920.0
7610624.0
7663744.0
7589888.0
7850240.0
7916288.0
7786368.0
8350848.0
8124160.0
8055808.0
8371712.0
8062464.0
7948544.0
8147968.0
8130048.0
8651904.0
8666624.0
8571776.0
8632320.0
8615424.0
8610048.0
8990592.0
8705152.0
8874624.0
9306496.0
8563456.0
8302080.0
8864512.0
8949888.0
9121920.0
9653504.0
9242368.0
8832256.0
9079680.0
9544320.0
9430272.0
9378816.0
9053824.0
8870784.0
8551168.0
8852992.0
8934016.0
8957824.0
8498432.0
8456192.0
8617216.0
8580352.0
9265920.0
9275776.0
9305088.0
9283456.0
9307136.0
9566464.0
1.0097152E7
9557504.0
8838528.0
8741376.0
8494848.0
8514048.0
8727168.0
9152128.0
9330944.0
9210112.0
9463680.0
9388928.0
9488768.0
9352448.0
9348224.0
9385216.0
9305088.0
9271808.0
9482624.0
9893376.0
9942144.0
9683840.0
9093760.0
8862080.0
9081088.0
9182208.0
9452672.0
9750400.0
9490688.0
9396480.0
9337856.0
9492352.0
9828224.0
9799296.0
1.0064896E7
1.0326272E7
1.0352768E7
1.0901376E7
1.0725504E7
9874944.0
8971648.0
8430592.0
9443584.0
1.0133376E7
1.0281344E7
1.062784E7
1.0802688E7
1.0547456E7
1.0524672E7
1.0877312E7
1.0773248E7
1.0273024E7
9969536.0
1.0167424E7
9614080.0
9513088.0
9426944.0
9886208.0
1.04064E7
1.0404608E7
1.0267392E7
1.0010752E7
1.0347264E7
1.0316672E7
1.0752128E7
1.109376E7
1.1104512E7
1.1049088E7
1.1145344E7
1.0927104E7
1.0333184E7
1.011584E7
1.0132736E7
1.0705536E7
1.040576E7
1.0345472E7
1.051008E7
1.0555776E7
1.030784E7
1.0600704E7
1.1511168E7
1.1690368E7
1.1354752E7
1.09952E7
1.104E7
1.1188224E7
1.1572992E7
1.1581824E7
1.1373696E7
1.1158528E7
1.1090816E7
1.1107328E7
1.20576E7
1.1860608E7
1.1741312E7
1.14976E7
1.179328E7
1.23776E7
1.2664576E7
1.2736384E7
1.1853824E7
1.1338752E7
1.184064E7
1.2130432E7
1.1348352E7
1.147904E7
1.1479424E7
1.1498752E7
1.1831296E7
1.238976E7
1.269952E7
1.2880128E7
1.2463872E7
1.2038912E7
1.1826688E7
1.230848E7
1.2266752E7
1.2592256E7
1.2583424E7
1.2628096E7
1.2319744E7
1.197184E7
1.1809536E7
1.1288704E7
1.1422592E7
1.1608832E7
1.2403712E7
1.2360576E7
1.244928E7
1.292544E7
1.331456E7
1.2977536E7
1.2963328E7
1.2590208E7
1.238848E7
1.25984E7
1.2676224E7
1.2714752E7
1.2654592E7
1.2776832E7
1.3165824E7
1.3164416E7
1.3426048E7
1.3510912E7
1.319616E7
1.3067776E7
1.317952E7
1.2844416E7
1.2442752E7
1.260864E7
1.3248384E7
1.325568E7
1.2763008E7
1.3496832E7
1.3706496E7
1.3570688E7
1.3444992E7
1.3766016E7
1.35104E7
1.291584E7
1.2421376E7
1.2269696E7
1.24544E7
1.248576E7
1.2873088E7
1.2976128E7
1.3051264E7
1.3146496E7
1.2735488E7
1.2514176E7
1.254912E7
1.2514048E7
1.2619648E7
1.2803456E7
1.3088512E7
1.32416E7
1.3386112E7
1.3727488E7
1.3654272E7
1.3294976E7
1.3076736E7
1.29632E7
1.26848E7
1.247616E7
1.261888E7
1.2813184E7
1.3037312E7
1.2512512E7
1.248192E7
1.2722176E7
1.2321152E7
1.2171648E7
1.1636096E7
1.1348096E7
1.090112E7
1.0535808E7
1.0641536E7
1.1309696E7
1.16704E7
1.1223168E7
1.1163648E7
1.1219328E7
1.0734208E7
9918976.0
8925952.0
8695552.0
8967168.0
9032960.0
8628864.0
8528384.0
8894080.0
8292992.0
8211712.0
7954176.0
7212160.0
6805888.0
6004096.0
5850496.0
5531264.0
5074816.0
4940032.0
4392960.0
4269568.0
3441280.0
3139328.0
2535552.0
1963264.0
1731584.0
1193088.0
387200.0
-538368.0
-530048.0
-1237760.0
-1823616.0
-2353792.0
-3352064.0
-4420096.0
-5027712.0
-5333632.0
-5599744.0
-5667200.0
-6456064.0
-7937536.0
-8702080.0
-9518464.0
-1.0281984E7
-1.092032E7
-1.2085248E7
-1.2533376E7
-1.3708288E7
-1.4496384E7
-1.5553536E7
-1.6938624E7
-1.7679232E7
-1.8960768E7
-2.0357888E7
-2.0998784E7
-2.1256576E7
-2.2110336E7
-2.3243392E7
-2.4614016E7
-2.5932032E7
-2.7005312E7
-2.7993728E7
-2.8815872E7
-3.0320896E7
-3.2072576E7
-3.3663232E7
-3.521984E7
-3.6481664E7
-3.7574912E7
-3.8744448E7
-4.0314368E7
-4.1282048E7
-4.2493952E7
-4.3919232E7
-4.5382784E7
-4.7091456E7
-4.8645888E7
-5.0332416E7
-5.196032E7
-5.33152E7
-5.5207296E7
-5.69984E7
-5.7952896E7
-5.90336E7
-6.088832E7
-6.2880512E7
-6.4454912E7
-6.596864E7
-6.7245568E7
-6.8904832E7
-7.1110656E7
-7.3150336E7
-7.4651264E7
-7.5889152E7
-7.7817984E7
-7.976E7
-8.1393536E7
-8.2948096E7
-8.526656E7
-8.74752E7
-8.9198208E7
-9.1109632E7
-9.27648E7
-9.4541696E7
-9.7042432E7
-9.8790272E7
-1.00537216E8
-1.02329984E8
-1.04386944E8
-1.06384896E8
-1.07939584E8
-1.09902336E8
-1.1191872E8
-1.13666048E8
-1.15441664E8
-1.17562496E8
-1.1959424E8
-1.21639936E8
-1.236448E8
-1.25745536E8
