# File created = Monday, January 27, 2025 at 5:04:19 PM Greenwich Mean Time
# Data set = 2025-01-15-AH-BIO-02  100  1  /Users/alexhill/Downloads/2025-01-15-2025-01-15-AH-BIO-NMR
# Spectral Region:
# LEFT = 16.239290237426758 ppm. RIGHT = -3.8892911404150006 ppm.
#
# SIZE = 8192 ( = number of points)
#
# In the following ordering is from the 'left' to the 'right' limits!
# Lines beginning with '#' must be considered as comment lines.
#
-5.37984E7
-5.3113472E7
-5.2054528E7
-5.097024E7
-5.0629504E7
-5.012672E7
-4.9612032E7
-4.893568E7
-4.7729792E7
-4.6950528E7
-4.5890432E7
-4.5400576E7
-4.4951296E7
-4.4155136E7
-4.331392E7
-4.2367232E7
-4.1612288E7
-4.073472E7
-3.992448E7
-3.9701376E7
-3.8997248E7
-3.8015232E7
-3.743296E7
-3.6739072E7
-3.5609728E7
-3.4883072E7
-3.4676224E7
-3.4137088E7
-3.3494272E7
-3.2735488E7
-3.2059904E7
-3.099648E7
-3.0095744E7
-2.9636096E7
-2.891008E7
-2.85024E7
-2.7884544E7
-2.7409664E7
-2.6896128E7
-2.6173312E7
-2.5906304E7
-2.5118976E7
-2.4423296E7
-2.3899264E7
-2.3560448E7
-2.3263616E7
-2.2451328E7
-2.2230528E7
-2.16672E7
-2.1248768E7
-2.0599168E7
-1.979008E7
-1.9284096E7
-1.9381376E7
-1.8838528E7
-1.8073344E7
-1.7780224E7
-1.7033984E7
-1.644096E7
-1.6253696E7
-1.6518144E7
-1.6352E7
-1.5476608E7
-1.476736E7
-1.402176E7
-1.3506048E7
-1.3621376E7
-1.3670272E7
-1.350016E7
-1.2738176E7
-1.2270976E7
-1.1991296E7
-1.203648E7
-1.1490944E7
-1.08192E7
-9800192.0
-8867200.0
-8857216.0
-9145856.0
-9182720.0
-8544512.0
-8217728.0
-7831424.0
-7107712.0
-6941184.0
-6952192.0
-6691712.0
-6332160.0
-6041088.0
-6048768.0
-5992960.0
-5636480.0
-5514112.0
-5444992.0
-5194496.0
-5194240.0
-4457856.0
-3814400.0
-4179328.0
-4038400.0
-3809408.0
-3483392.0
-2963584.0
-2612736.0
-2247424.0
-2481280.0
-2867200.0
-2706304.0
-2224512.0
-2378752.0
-2638848.0
-2373376.0
-2523136.0
-2409984.0
-2185600.0
-2252544.0
-2367232.0
-2050816.0
-1588352.0
-1529344.0
-1465472.0
-1664128.0
-1945728.0
-1813888.0
-1227264.0
-785024.0
-1192064.0
-1188224.0
-1420416.0
-1641088.0
-804352.0
-520960.0
-299392.0
-455296.0
-1012992.0
-1459968.0
-1381632.0
-1081216.0
-778240.0
-1128320.0
-1316096.0
-1193600.0
-1445120.0
-1219840.0
-1398400.0
-1068928.0
-566656.0
-928128.0
-795008.0
-465024.0
-179712.0
-768768.0
-1145600.0
-617728.0
-715392.0
-1421184.0
-1586688.0
-1506048.0
-1519872.0
-1371264.0
-535808.0
-210048.0
-727552.0
-1163904.0
-928768.0
-950784.0
-1049344.0
-1096192.0
-1253248.0
-799872.0
-536832.0
-648704.0
-1267968.0
-1137408.0
-409600.0
233600.0
71040.0
102272.0
-376576.0
-572288.0
-1088128.0
-1246592.0
-1005696.0
-1321728.0
-1081856.0
-997248.0
-652032.0
5120.0
247552.0
-547584.0
-875392.0
-878976.0
-497408.0
-254080.0
-312064.0
-94336.0
-72320.0
-565632.0
-705408.0
-509056.0
-948352.0
-493440.0
-470912.0
-300160.0
-297472.0
-717184.0
-600192.0
-909824.0
-858112.0
-313728.0
-168448.0
115840.0
126208.0
375424.0
-74240.0
-151936.0
-277504.0
-317824.0
384640.0
-240640.0
-814848.0
-814080.0
-80640.0
269824.0
59392.0
-395904.0
-942208.0
-1250560.0
-819456.0
-916096.0
-632448.0
-788864.0
-462848.0
-47488.0
-304768.0
-550528.0
-596352.0
-178944.0
634368.0
1320704.0
736512.0
551936.0
702976.0
284544.0
91904.0
32384.0
55808.0
100992.0
-337152.0
-262272.0
-92160.0
100736.0
218752.0
-301568.0
58240.0
116352.0
66048.0
513152.0
166016.0
-270720.0
-734720.0
-816000.0
-735232.0
-272000.0
-164864.0
-299264.0
255360.0
883072.0
219776.0
-92544.0
146944.0
-338816.0
-306176.0
-245120.0
204544.0
203392.0
-224384.0
-41216.0
183936.0
-198528.0
-407424.0
227712.0
416256.0
409472.0
475648.0
606848.0
358912.0
-149376.0
-365824.0
-493568.0
-402048.0
-338048.0
-449536.0
-323840.0
212352.0
369024.0
123776.0
-221952.0
-630272.0
-416512.0
-454912.0
-853504.0
-434560.0
-135424.0
-642304.0
-922624.0
-607872.0
-611584.0
-875392.0
-354944.0
-1026816.0
-1121792.0
-263168.0
-52992.0
-468224.0
-618368.0
-70400.0
-1664.0
-657792.0
-556928.0
-739584.0
-805504.0
-419840.0
-378240.0
-390272.0
-730368.0
-899968.0
-430208.0
-91264.0
-13312.0
199296.0
-455040.0
-252800.0
-262656.0
-618880.0
-841472.0
-624896.0
-309632.0
-90368.0
154496.0
123008.0
-117248.0
-62848.0
-499840.0
-663936.0
-681472.0
-703360.0
-890880.0
-688640.0
-403968.0
-204672.0
217088.0
333440.0
163328.0
323072.0
-236800.0
-399360.0
-158464.0
-31488.0
-371456.0
-366848.0
-398208.0
-837760.0
-595968.0
-713600.0
-202496.0
75136.0
-280704.0
-670208.0
-275200.0
-125184.0
24448.0
-695936.0
-626816.0
137216.0
243200.0
536704.0
232576.0
-82432.0
-82688.0
-185984.0
-142208.0
-347008.0
4224.0
-432128.0
-432640.0
-596608.0
39680.0
224384.0
76800.0
-443136.0
-971520.0
-398592.0
-296704.0
-192000.0
-102656.0
432384.0
-36352.0
-243712.0
-39296.0
-285184.0
-162688.0
351360.0
9088.0
-240768.0
167424.0
380288.0
751232.0
601728.0
185600.0
420096.0
136704.0
-73216.0
219008.0
-425856.0
-722432.0
-350464.0
-306560.0
-64512.0
433664.0
601984.0
54912.0
-152960.0
-177920.0
-94720.0
28672.0
436480.0
27008.0
-9856.0
-299776.0
-267520.0
-470400.0
-886912.0
-970368.0
-887296.0
-560768.0
-731008.0
-779776.0
-797184.0
-639872.0
-445696.0
-183936.0
-63488.0
-129152.0
218880.0
546432.0
398592.0
160384.0
-138240.0
-288896.0
-16128.0
-186368.0
-350848.0
-590720.0
-789376.0
-794752.0
-1119104.0
-837248.0
-584320.0
-602496.0
-807424.0
-1030912.0
-442496.0
180864.0
-104064.0
-184448.0
-560128.0
-201984.0
-375936.0
-525824.0
-828416.0
-585600.0
69760.0
111616.0
-115456.0
-235648.0
-269824.0
-209024.0
-661248.0
-1090432.0
-332032.0
-432000.0
-90624.0
21120.0
-308992.0
-373120.0
-330752.0
48640.0
262528.0
900864.0
457984.0
-392960.0
-393984.0
-217344.0
-462208.0
-557440.0
-580864.0
-414336.0
204288.0
62336.0
255744.0
428032.0
285184.0
-33664.0
-362112.0
16384.0
64896.0
48640.0
585984.0
400768.0
404992.0
360576.0
-29312.0
-158208.0
-208512.0
258816.0
844672.0
732544.0
1060608.0
848000.0
99328.0
-232832.0
-70400.0
-163584.0
-212608.0
189696.0
663808.0
343296.0
-180224.0
-98688.0
31232.0
219776.0
-17024.0
62336.0
574848.0
275456.0
-482432.0
-769024.0
-675840.0
-614528.0
-174208.0
-140160.0
-95872.0
434304.0
241536.0
-37888.0
-363264.0
-95360.0
42624.0
-61952.0
-403200.0
-73728.0
193920.0
489856.0
446592.0
85760.0
257792.0
-43648.0
-91776.0
95872.0
198272.0
250368.0
534272.0
334592.0
315008.0
481024.0
-480384.0
-381312.0
14336.0
-144640.0
-184704.0
-60672.0
501248.0
500352.0
-26496.0
-409088.0
-140416.0
-186496.0
111360.0
-16256.0
-346752.0
-511488.0
-892928.0
-700416.0
-248832.0
-172032.0
-28160.0
129664.0
-494592.0
-66304.0
586240.0
179712.0
-125568.0
-243584.0
-17024.0
228096.0
490880.0
591104.0
706688.0
604288.0
324736.0
705664.0
196224.0
320512.0
452224.0
260736.0
289664.0
24192.0
84096.0
64896.0
-31616.0
107136.0
-92800.0
-648832.0
-349184.0
102784.0
-234624.0
24960.0
416896.0
430592.0
504064.0
-166144.0
-350208.0
-198784.0
119808.0
520320.0
259968.0
189568.0
54784.0
-254080.0
-211328.0
-180608.0
284032.0
-207104.0
-253824.0
-304000.0
-832512.0
-761728.0
-336512.0
244480.0
503936.0
28160.0
-552192.0
-410112.0
11520.0
143104.0
-24192.0
-254336.0
-307456.0
77824.0
450560.0
838528.0
776320.0
344448.0
-287232.0
-236160.0
-126976.0
195840.0
229120.0
-154624.0
-78976.0
266880.0
155392.0
579328.0
572928.0
21632.0
-186624.0
329344.0
675072.0
583808.0
335744.0
-447872.0
-411648.0
-495744.0
-13440.0
486016.0
348672.0
448256.0
467200.0
25472.0
-355712.0
-326144.0
-295552.0
-152064.0
145024.0
472960.0
617600.0
388352.0
676736.0
481280.0
481920.0
348544.0
69248.0
-221568.0
-376960.0
78592.0
-45440.0
-450816.0
-277248.0
-215168.0
-139008.0
-313728.0
-34432.0
502144.0
81920.0
24448.0
17152.0
112384.0
-80512.0
118400.0
211840.0
208640.0
504704.0
218368.0
232576.0
635904.0
168704.0
153216.0
399104.0
505600.0
304000.0
312576.0
-227328.0
-375296.0
454912.0
92032.0
-22656.0
141568.0
-35840.0
129920.0
535296.0
416512.0
207872.0
23424.0
100608.0
226560.0
214272.0
400256.0
489600.0
739840.0
1159424.0
1069440.0
513152.0
402432.0
298624.0
49280.0
-19968.0
-624128.0
-141440.0
316672.0
155136.0
203776.0
-276096.0
-461952.0
-637440.0
-906368.0
-594688.0
-285568.0
-159360.0
125312.0
39680.0
115200.0
666112.0
687360.0
472064.0
483712.0
56832.0
135040.0
461440.0
-195968.0
71040.0
333184.0
-47744.0
-226560.0
-476160.0
-565760.0
-200832.0
552576.0
1023232.0
724992.0
549248.0
1123584.0
860928.0
676736.0
551936.0
410112.0
747264.0
671104.0
719104.0
1041152.0
619648.0
374272.0
721152.0
895104.0
957568.0
477312.0
394496.0
435200.0
1041408.0
1254784.0
865152.0
544512.0
1236352.0
1106944.0
672000.0
938240.0
411776.0
545664.0
272512.0
497536.0
425600.0
-128384.0
-207104.0
-116864.0
-487808.0
-329856.0
412800.0
390656.0
-139776.0
-635136.0
-228992.0
202496.0
449280.0
576768.0
-27520.0
-443648.0
-651008.0
-126080.0
-200448.0
-147840.0
286464.0
29568.0
-34432.0
228992.0
-138880.0
-207744.0
279680.0
396800.0
26624.0
20096.0
148992.0
-333184.0
-262912.0
-385024.0
-364544.0
-207488.0
231424.0
842752.0
780928.0
430080.0
45312.0
308608.0
465152.0
226560.0
950912.0
690432.0
-11264.0
-476416.0
-459520.0
-66304.0
44160.0
-97536.0
360960.0
556160.0
880000.0
919296.0
908672.0
667904.0
361472.0
277248.0
134912.0
213888.0
102400.0
-69376.0
-587008.0
-466688.0
165120.0
501760.0
264192.0
724608.0
575232.0
312704.0
304640.0
71680.0
10752.0
-6912.0
-35072.0
-28288.0
-307968.0
-391552.0
168832.0
-240128.0
164608.0
695040.0
-23680.0
96256.0
240896.0
131456.0
583936.0
491520.0
710784.0
988032.0
580992.0
807040.0
493952.0
654976.0
81792.0
-38400.0
74496.0
-139520.0
-441984.0
-386944.0
-303744.0
-377856.0
382848.0
343936.0
121856.0
240896.0
195200.0
-364416.0
-511616.0
151168.0
604672.0
717824.0
780288.0
82176.0
-214144.0
-232960.0
-308096.0
-34944.0
98048.0
31104.0
302080.0
412800.0
741376.0
941056.0
928896.0
637952.0
377600.0
248576.0
354560.0
447616.0
230016.0
555008.0
443776.0
-188672.0
364672.0
659456.0
515712.0
467840.0
733440.0
771328.0
667904.0
627584.0
462848.0
659456.0
272512.0
589824.0
448256.0
228736.0
658816.0
820224.0
133632.0
37888.0
192640.0
113792.0
544896.0
712320.0
1209856.0
1121920.0
433920.0
-108416.0
78464.0
262656.0
262016.0
-67968.0
-221312.0
303872.0
426624.0
432640.0
503680.0
339968.0
427776.0
736896.0
713216.0
717568.0
246144.0
257024.0
188800.0
359296.0
742528.0
294528.0
-229120.0
-9472.0
704384.0
432768.0
-387072.0
-643968.0
-239360.0
-21504.0
293120.0
650624.0
755456.0
367872.0
3072.0
-54272.0
-68224.0
412928.0
653440.0
669568.0
701312.0
1010304.0
1427200.0
596224.0
-99200.0
-388864.0
-176896.0
364544.0
494208.0
582144.0
740608.0
1281792.0
1278976.0
748928.0
423808.0
588160.0
-189312.0
-400384.0
75264.0
565120.0
812032.0
565376.0
505472.0
559360.0
598656.0
557824.0
710656.0
695680.0
348416.0
960512.0
1559168.0
560512.0
-42112.0
-92672.0
246784.0
787328.0
1167104.0
555520.0
133504.0
355840.0
460544.0
142976.0
-86912.0
220672.0
494208.0
407808.0
684800.0
769536.0
774144.0
969216.0
1214464.0
1399808.0
1415424.0
921344.0
232960.0
640768.0
392832.0
-559488.0
-494976.0
305792.0
293888.0
374016.0
405248.0
275712.0
356352.0
759296.0
774912.0
731264.0
513152.0
180096.0
206720.0
382592.0
534528.0
538112.0
822144.0
150144.0
-298624.0
-210688.0
103680.0
171392.0
-215040.0
-184704.0
-116352.0
-21376.0
692352.0
1118976.0
755712.0
505856.0
404864.0
-102272.0
-248320.0
-55424.0
-111872.0
610944.0
763392.0
697216.0
476544.0
503936.0
481792.0
866944.0
1030528.0
534528.0
286720.0
-537088.0
-360960.0
-232832.0
132352.0
-166784.0
212352.0
438400.0
540800.0
1053824.0
879232.0
305408.0
12928.0
571904.0
796032.0
603648.0
181248.0
844032.0
756992.0
96640.0
215808.0
738176.0
883968.0
675072.0
383616.0
389760.0
359424.0
802048.0
869632.0
583040.0
609408.0
724864.0
944640.0
890880.0
485248.0
365568.0
416000.0
546688.0
213760.0
-286208.0
-34816.0
-239360.0
11520.0
838400.0
691968.0
455040.0
814848.0
765824.0
758912.0
1019136.0
1011072.0
623232.0
562304.0
131840.0
-198272.0
180096.0
20096.0
9088.0
423552.0
508928.0
486912.0
87936.0
167936.0
34560.0
157312.0
393728.0
378112.0
92416.0
351232.0
1031424.0
1159168.0
392576.0
-146176.0
41216.0
169472.0
222080.0
91008.0
167296.0
270848.0
591616.0
649472.0
806784.0
1106816.0
1552256.0
1007488.0
725120.0
794112.0
158976.0
-286080.0
-349184.0
52224.0
182144.0
371328.0
630528.0
507008.0
300160.0
141568.0
19840.0
-406144.0
-180992.0
401152.0
604672.0
422400.0
-118656.0
220928.0
664832.0
947072.0
991744.0
813696.0
1092864.0
709120.0
532864.0
215296.0
627200.0
868992.0
603136.0
522496.0
450176.0
457472.0
601216.0
561920.0
451840.0
205568.0
165632.0
698624.0
1164544.0
1102592.0
440704.0
223488.0
204544.0
192768.0
25216.0
713984.0
772608.0
153088.0
-82304.0
-438528.0
-406272.0
257152.0
541568.0
1195776.0
1336960.0
979456.0
515968.0
93824.0
306816.0
664832.0
698496.0
325120.0
378880.0
774144.0
514560.0
479616.0
155520.0
450304.0
631680.0
454528.0
241920.0
183168.0
393856.0
437760.0
503936.0
546048.0
614400.0
-142208.0
-21888.0
-31232.0
-175360.0
277760.0
656640.0
527616.0
675840.0
820736.0
1110912.0
1091712.0
1379968.0
1480192.0
712960.0
115712.0
251648.0
977920.0
1129600.0
687232.0
586240.0
331136.0
1129344.0
1049856.0
533120.0
564608.0
842368.0
1402880.0
1337344.0
664704.0
-61184.0
513792.0
844800.0
523392.0
-384.0
-267392.0
144512.0
865920.0
876416.0
990976.0
1459584.0
1622912.0
1119488.0
804608.0
979328.0
1183232.0
682112.0
997632.0
1195264.0
890752.0
608512.0
530816.0
266880.0
-200448.0
-268544.0
-77568.0
137472.0
435840.0
510336.0
672384.0
930688.0
1045376.0
503680.0
440448.0
934016.0
1182080.0
1879808.0
1721344.0
1240832.0
296832.0
692864.0
996992.0
849280.0
1248128.0
1387520.0
1482880.0
1154304.0
489088.0
416768.0
741760.0
233600.0
-92288.0
464512.0
655616.0
348032.0
295936.0
533120.0
565888.0
113152.0
-338688.0
-318976.0
-36352.0
87168.0
379904.0
180096.0
-304512.0
-388352.0
-318592.0
178432.0
535808.0
931328.0
536192.0
398592.0
108544.0
400896.0
214912.0
128512.0
477824.0
812416.0
856704.0
490880.0
418432.0
-184320.0
431360.0
557440.0
576000.0
1063296.0
1107456.0
750720.0
784000.0
416384.0
241664.0
35200.0
459392.0
1000448.0
1394944.0
1263744.0
1084928.0
1676928.0
1628672.0
1055872.0
532352.0
460032.0
615040.0
415872.0
339840.0
-148352.0
-140416.0
252928.0
-81280.0
-56832.0
-168576.0
411520.0
581632.0
686080.0
1126272.0
577152.0
666240.0
1149440.0
910336.0
912512.0
1124864.0
1188480.0
1064960.0
809344.0
1196288.0
1539456.0
556160.0
409984.0
800384.0
646272.0
855680.0
787712.0
591104.0
199808.0
-71424.0
279808.0
277120.0
142208.0
341632.0
142592.0
58496.0
266880.0
-11904.0
421120.0
590208.0
354176.0
73216.0
198272.0
381696.0
561024.0
1432832.0
1431680.0
1292160.0
1071232.0
714880.0
779776.0
688384.0
538880.0
210176.0
-220800.0
-914048.0
-697344.0
-509312.0
-546048.0
-204672.0
-187008.0
-421760.0
183296.0
945152.0
830592.0
551552.0
582016.0
821376.0
407936.0
3072.0
-51200.0
-173696.0
-594560.0
-677376.0
-664064.0
-302848.0
198144.0
807808.0
879360.0
348544.0
631936.0
1028224.0
498304.0
146560.0
181632.0
402304.0
-175232.0
-139648.0
-195456.0
-249088.0
-217856.0
-951680.0
-640512.0
-83072.0
65024.0
384.0
107008.0
237056.0
58240.0
-4352.0
-274048.0
-26624.0
80768.0
170752.0
425344.0
797184.0
1431936.0
756096.0
299776.0
127872.0
-74368.0
129280.0
14720.0
389376.0
798720.0
812928.0
955392.0
732416.0
790400.0
626560.0
759168.0
960640.0
356608.0
349440.0
379136.0
-282112.0
-171648.0
-140288.0
292864.0
980480.0
1387008.0
612352.0
239488.0
512768.0
477824.0
892288.0
984704.0
702336.0
661504.0
941312.0
1051648.0
627328.0
658304.0
1033088.0
1718272.0
1321216.0
728448.0
622976.0
385152.0
625024.0
662528.0
767872.0
108544.0
-64640.0
-342400.0
-134144.0
-86656.0
-328832.0
-105600.0
-82944.0
388224.0
610432.0
699520.0
598912.0
848512.0
1371392.0
1004032.0
748288.0
715904.0
807936.0
449536.0
236800.0
-355840.0
-318208.0
215808.0
352000.0
423040.0
473728.0
484480.0
620672.0
590464.0
653952.0
1004416.0
1097088.0
432512.0
403584.0
1179264.0
1083392.0
890368.0
1106432.0
1388544.0
1185280.0
597248.0
202880.0
629632.0
640768.0
639360.0
978944.0
1122688.0
480384.0
173056.0
183040.0
294528.0
-74752.0
-9216.0
541056.0
491136.0
-106880.0
-367104.0
405248.0
296192.0
-269824.0
-115840.0
168192.0
607872.0
1064704.0
825600.0
396928.0
612736.0
867968.0
10496.0
-566528.0
-555008.0
-294528.0
-479104.0
-1027200.0
-902144.0
-899968.0
-877312.0
-595200.0
-382592.0
-373120.0
-102656.0
611968.0
938752.0
458240.0
149120.0
236032.0
546176.0
714496.0
752640.0
561664.0
356992.0
131328.0
253824.0
611200.0
777088.0
679936.0
340480.0
-329088.0
-638080.0
-453248.0
-193408.0
582912.0
484096.0
308864.0
-2176.0
215168.0
389504.0
49920.0
202624.0
-168064.0
-147712.0
8448.0
200960.0
257024.0
100224.0
-18944.0
-113920.0
231936.0
14208.0
-264960.0
-453632.0
-550144.0
-133888.0
686464.0
563456.0
667520.0
444928.0
16896.0
-171776.0
-141312.0
-371968.0
-911104.0
-687872.0
-790144.0
-943360.0
-766848.0
-344576.0
-218368.0
-152704.0
82304.0
564352.0
102272.0
-92800.0
362624.0
696192.0
948352.0
1151872.0
1410560.0
1206400.0
725376.0
591744.0
848512.0
541056.0
250624.0
423168.0
317952.0
122368.0
163968.0
429824.0
432128.0
877696.0
1075200.0
813568.0
969216.0
665088.0
703872.0
657920.0
572160.0
798592.0
460416.0
654208.0
1027712.0
436480.0
103936.0
285184.0
154240.0
709632.0
1186944.0
753920.0
540800.0
562944.0
638720.0
593024.0
392192.0
651264.0
-384.0
-335488.0
91008.0
704256.0
354688.0
167552.0
1027712.0
1405568.0
1222656.0
737920.0
431872.0
95616.0
439040.0
138880.0
45056.0
-204032.0
-540160.0
-490496.0
-393344.0
-47360.0
-45696.0
260608.0
1079680.0
973824.0
725760.0
795392.0
376832.0
594944.0
1072256.0
1026944.0
938880.0
1002368.0
1216128.0
1123968.0
495104.0
849280.0
1075840.0
821376.0
940032.0
875904.0
570240.0
205056.0
611072.0
551680.0
240512.0
385280.0
418688.0
335872.0
142976.0
301952.0
14720.0
-623360.0
-481664.0
-654080.0
-594048.0
-312576.0
155264.0
698880.0
828416.0
221312.0
-86400.0
302464.0
58496.0
-110464.0
152320.0
398592.0
739712.0
321792.0
-286080.0
-572160.0
-673408.0
-1792.0
436992.0
693632.0
125952.0
-167424.0
-111104.0
-263296.0
28416.0
272768.0
526848.0
996608.0
110336.0
-223360.0
-195072.0
-538496.0
-151424.0
-12160.0
-668544.0
-118912.0
438912.0
-214144.0
-452864.0
-471808.0
-425216.0
35712.0
-89344.0
-514816.0
-622080.0
-812800.0
-653824.0
-803712.0
-883712.0
-869888.0
-597632.0
-142464.0
127488.0
21760.0
-69376.0
-388992.0
-790144.0
-876416.0
-694016.0
-485760.0
-109696.0
-151936.0
-853632.0
-1075712.0
-676608.0
-297216.0
-30080.0
-613248.0
-555648.0
-46464.0
-157952.0
-378624.0
35072.0
222336.0
-102144.0
10752.0
108288.0
-34816.0
-823552.0
-224640.0
48896.0
-372736.0
-367104.0
-1027072.0
-662400.0
-609280.0
-535168.0
-277504.0
-358912.0
-275968.0
-597120.0
-1000832.0
-707584.0
-304768.0
-37888.0
298368.0
353920.0
596480.0
317824.0
46592.0
-272896.0
-603904.0
-603264.0
3072.0
-51712.0
-673664.0
-603776.0
-692864.0
-793216.0
-165632.0
387968.0
407424.0
195200.0
521344.0
407040.0
-370304.0
-108928.0
519936.0
388992.0
-95488.0
-177024.0
23168.0
146816.0
429184.0
495616.0
30080.0
-91008.0
-196608.0
256640.0
933376.0
345984.0
-1152.0
105344.0
169600.0
-65920.0
-176512.0
-173056.0
-316928.0
-237952.0
76032.0
368128.0
-212608.0
-852864.0
-167040.0
-18048.0
-261888.0
2048.0
275328.0
424448.0
-205056.0
-176384.0
-722304.0
-1105024.0
-1084288.0
-665728.0
-21120.0
138496.0
206592.0
-15616.0
-11520.0
552192.0
637312.0
57600.0
108544.0
-211200.0
-827776.0
-473600.0
-19968.0
68096.0
-188928.0
-800256.0
-651520.0
-355968.0
-497280.0
-782208.0
-634240.0
-517504.0
-177152.0
-170880.0
-995584.0
-1336320.0
-1067264.0
-612224.0
-283648.0
-239232.0
-52480.0
159744.0
190720.0
-21504.0
-278016.0
93696.0
-69504.0
-34432.0
300928.0
-316160.0
-552576.0
-533632.0
-731904.0
-537344.0
-221056.0
161792.0
59008.0
-134528.0
-722816.0
-692224.0
-281600.0
176000.0
258944.0
-477824.0
-207360.0
310400.0
598272.0
396928.0
-93696.0
-512.0
512128.0
957056.0
265472.0
75648.0
820480.0
704256.0
621440.0
31104.0
56192.0
-384512.0
-425472.0
-115456.0
-195712.0
193664.0
91392.0
18944.0
467456.0
382208.0
-435712.0
-906752.0
-1289472.0
-272768.0
-80256.0
-37632.0
910080.0
1017088.0
820352.0
548864.0
-49536.0
-422656.0
-291584.0
-84992.0
512896.0
560896.0
582528.0
254208.0
351104.0
104320.0
-405760.0
179840.0
-80000.0
175360.0
625152.0
228864.0
182272.0
445568.0
-42752.0
-405632.0
-26368.0
-52736.0
-115840.0
-444672.0
-493184.0
-477824.0
-630144.0
-265088.0
118528.0
17792.0
-564608.0
-429568.0
-132352.0
-403072.0
-499200.0
-397568.0
-398464.0
-15488.0
158336.0
191360.0
-45952.0
-668288.0
-450816.0
-641792.0
-1017088.0
-610048.0
-537088.0
-126720.0
46848.0
377856.0
554240.0
623616.0
312832.0
-210432.0
-309760.0
-344960.0
-210560.0
-152832.0
-365312.0
-539264.0
-141056.0
-174336.0
-478848.0
-248704.0
-179712.0
-55424.0
-323968.0
-943872.0
-675328.0
-252800.0
-326784.0
-385280.0
-260096.0
-198016.0
76672.0
-72704.0
211072.0
478464.0
268544.0
-540032.0
-422144.0
-211968.0
-431488.0
-817664.0
-109824.0
386816.0
169600.0
169600.0
-94464.0
64640.0
148480.0
258560.0
185856.0
-86912.0
270080.0
-34048.0
-122240.0
110848.0
128512.0
-193664.0
-740224.0
-188288.0
-410880.0
-200704.0
60288.0
-38272.0
-534144.0
-111488.0
-276352.0
-292352.0
-109440.0
-294784.0
-266240.0
-375424.0
-833664.0
-1033856.0
-1076992.0
-1080448.0
-680448.0
-249472.0
54656.0
-22912.0
134144.0
-298752.0
-576512.0
-606720.0
-517504.0
-546688.0
-685696.0
-305152.0
353664.0
316544.0
338432.0
252160.0
160128.0
-85120.0
-493568.0
-451968.0
-979072.0
-1064320.0
-566400.0
-351104.0
-449152.0
-557824.0
-569728.0
-343296.0
-427648.0
-402688.0
66560.0
-189184.0
-570112.0
-1168000.0
-1020544.0
-1287936.0
-779648.0
-345216.0
-448256.0
-773760.0
-1069184.0
-196224.0
-179584.0
-750592.0
-1191680.0
-705664.0
-912768.0
-1094272.0
-540928.0
-656128.0
-1024000.0
-1079680.0
-684800.0
-388992.0
-269440.0
149376.0
68480.0
-244480.0
-723584.0
-702464.0
-763008.0
-1176704.0
-1284480.0
-913280.0
-693376.0
-688384.0
-965632.0
-1232512.0
-454144.0
-28416.0
80384.0
-203008.0
-696704.0
-551936.0
-185728.0
-310400.0
-265216.0
-410112.0
-1008384.0
-1132032.0
-346880.0
-533376.0
-563712.0
-499200.0
-352768.0
108032.0
-446336.0
-1053184.0
-1010048.0
-178304.0
-656896.0
-746240.0
-569728.0
-853376.0
-683008.0
-544640.0
-309376.0
-363136.0
-582272.0
-826368.0
-793600.0
-876928.0
-822400.0
-250368.0
-353280.0
-696832.0
-1176832.0
-1085824.0
-1095424.0
-945408.0
-1097344.0
-656000.0
-58752.0
-890112.0
-1235200.0
-906624.0
-459904.0
-1156352.0
-1186304.0
-1064704.0
-860288.0
-788096.0
-1068928.0
-1146112.0
-783104.0
-767232.0
-1394688.0
-1432448.0
-1445376.0
-1434112.0
-1646720.0
-1467008.0
-906112.0
-782336.0
-1359872.0
-1227520.0
-923392.0
-764416.0
-596864.0
-1178368.0
-1183616.0
-1093248.0
-862720.0
-809728.0
-558976.0
-812544.0
-1003008.0
-962944.0
-1340288.0
-1368576.0
-1146624.0
-1326720.0
-1664512.0
-1163520.0
-1029888.0
-646400.0
-920704.0
-1734912.0
-2045568.0
-2029568.0
-1981312.0
-1771520.0
-1653632.0
-1591424.0
-1443712.0
-1653760.0
-1920128.0
-1706240.0
-1583104.0
-1349760.0
-1321344.0
-1547520.0
-1422848.0
-1700864.0
-2087680.0
-1527296.0
-1405824.0
-1587328.0
-1213952.0
-562688.0
-243072.0
-769664.0
-972288.0
-786176.0
-120960.0
-128768.0
-86656.0
68992.0
80640.0
244736.0
17024.0
-328448.0
-670976.0
-1086464.0
-1161600.0
-1247744.0
-1461632.0
-1528192.0
-1377536.0
-1383424.0
-1104768.0
-840704.0
-1220352.0
-1214720.0
-1301888.0
-1641216.0
-1626624.0
-971264.0
-630528.0
-754688.0
-536064.0
-580224.0
-362496.0
-168448.0
-327936.0
-331392.0
-692864.0
-988800.0
-976000.0
-1022976.0
-1012992.0
-747392.0
-388352.0
-605824.0
-1197312.0
-852992.0
-938112.0
-1429120.0
-1345280.0
-1068160.0
-875520.0
-692224.0
-653440.0
-926080.0
-855296.0
-1317888.0
-1524864.0
-1518976.0
-1443072.0
-1229696.0
-1129728.0
-857856.0
-672640.0
-264960.0
-481920.0
-794624.0
-728832.0
-510592.0
-547968.0
-875904.0
-1014272.0
-754176.0
-295808.0
-362880.0
-823936.0
-1378816.0
-1234688.0
-691968.0
-668416.0
-373760.0
-498688.0
-376448.0
-41728.0
-150656.0
-297600.0
-500736.0
73088.0
680704.0
311040.0
-203264.0
-661632.0
-995456.0
-671744.0
-679296.0
-927872.0
-396544.0
-173184.0
-776576.0
-664704.0
-527104.0
-615680.0
-414848.0
-694912.0
-941056.0
-989824.0
-1039872.0
-597376.0
-402304.0
-671744.0
-611072.0
-864768.0
-735104.0
-736896.0
-1066240.0
-559744.0
-517120.0
-928000.0
-1235200.0
-848128.0
-776960.0
-571264.0
-525696.0
-751104.0
-1087104.0
-1351424.0
-1410304.0
-1284736.0
-371584.0
-9344.0
-105344.0
-541696.0
-759552.0
-1178112.0
-1344768.0
-769920.0
-604416.0
-237824.0
-525952.0
-918784.0
-430720.0
-565632.0
-754688.0
-868096.0
-1147392.0
-1619200.0
-2079744.0
-2062976.0
-1612544.0
-1223424.0
-968448.0
-1274496.0
-1159040.0
-945536.0
-1368832.0
-1372544.0
-956800.0
-748160.0
-1338880.0
-1437568.0
-1195648.0
-627584.0
-1235200.0
-1936384.0
-1983360.0
-1334912.0
-1010944.0
-1387904.0
-1326720.0
-1401088.0
-1529856.0
-1472512.0
-1003392.0
-1468032.0
-1162112.0
-1102848.0
-1251328.0
-560000.0
64768.0
-411520.0
-298752.0
-424192.0
-977792.0
-1213184.0
-1833728.0
-1591808.0
-1009408.0
-821248.0
-1162880.0
-1421952.0
-1326464.0
-1397120.0
-1220992.0
-1511552.0
-1576192.0
-1583744.0
-1683328.0
-1321472.0
-1506560.0
-1188480.0
-1125632.0
-847360.0
-936064.0
-1362944.0
-1722752.0
-2019840.0
-1448064.0
-888448.0
-987264.0
-1069184.0
-1151232.0
-768640.0
-365440.0
-567168.0
-864640.0
-1362432.0
-1691904.0
-1447040.0
-1480704.0
-1213568.0
-949504.0
-874240.0
-1142400.0
-1003520.0
-640384.0
-1076224.0
-389248.0
-50688.0
-517632.0
-300928.0
-150528.0
-448256.0
-933248.0
-958720.0
-768640.0
-820480.0
-1206016.0
-1275904.0
-1190016.0
-1079552.0
-981760.0
-820608.0
-948736.0
-1180928.0
-1480960.0
-1594112.0
-1014272.0
-921216.0
-943744.0
-670464.0
-995456.0
-1374208.0
-1233024.0
-1243392.0
-534784.0
-21760.0
-47744.0
-466816.0
-551808.0
-864256.0
-845696.0
-1355904.0
-1505664.0
-1035776.0
-1090816.0
-926208.0
-791936.0
-740736.0
-683776.0
-520192.0
-477184.0
-597888.0
-624640.0
-1030784.0
-697600.0
-582400.0
-1336576.0
-1864192.0
-1789696.0
-1392128.0
-1408384.0
-1539200.0
-1598336.0
-1420800.0
-1263872.0
-1039360.0
-934400.0
-593280.0
-1206144.0
-1529984.0
-1303296.0
-1354368.0
-1130880.0
-863744.0
-1469824.0
-1918592.0
-2153472.0
-2061184.0
-1681280.0
-1649152.0
-1987968.0
-1621248.0
-1654656.0
-1188096.0
-1386240.0
-1639424.0
-1069568.0
-1033984.0
-879104.0
-1249024.0
-1287040.0
-1214848.0
-1054464.0
-698624.0
-531712.0
-362240.0
-300928.0
-1012096.0
-518400.0
-388480.0
-588672.0
-812160.0
-1107584.0
-1441664.0
-1470208.0
-1523200.0
-1350400.0
-1513344.0
-1844224.0
-1153920.0
-831744.0
-785024.0
-677888.0
-892416.0
-886528.0
-548352.0
-1188096.0
-1580672.0
-1948800.0
-1351552.0
-747008.0
-569984.0
-991744.0
-954240.0
-885504.0
-1351936.0
-1492736.0
-1836032.0
-1416064.0
-1332736.0
-1586688.0
-1578368.0
-1688320.0
-1242112.0
-552192.0
-428288.0
-780288.0
-1197952.0
-1138816.0
-1465088.0
-1318272.0
-1084544.0
-1376128.0
-1984128.0
-1778432.0
-1413632.0
-809856.0
-890368.0
-1236480.0
-818432.0
-550528.0
-789248.0
-629376.0
-674304.0
-1255936.0
-902144.0
-1019776.0
-731264.0
295680.0
639232.0
116480.0
-103424.0
-731136.0
-751744.0
-384128.0
-739072.0
-650752.0
-490496.0
-1181312.0
-1193472.0
-482688.0
-944384.0
-971264.0
-669056.0
-742272.0
-468480.0
-612736.0
-426752.0
-552576.0
-873472.0
-290560.0
115712.0
212992.0
112128.0
-717184.0
-753408.0
-376192.0
-210688.0
-169472.0
19456.0
-295296.0
-940288.0
-998528.0
-977664.0
-834432.0
-780544.0
-677632.0
-1241728.0
-1002112.0
-834176.0
-717568.0
-884224.0
-926976.0
-517120.0
-662656.0
-992128.0
-1206400.0
-1049984.0
-904320.0
-432640.0
-391040.0
-631168.0
-593152.0
-195456.0
-576128.0
-937856.0
-861824.0
-795776.0
-938112.0
-1404416.0
-1424640.0
-1317760.0
-1232000.0
-985728.0
-921600.0
-731520.0
-346240.0
-767104.0
-856960.0
-453888.0
-621312.0
-947328.0
-1123456.0
-1355136.0
-1494272.0
-1184640.0
-838016.0
-531584.0
-624256.0
-1118464.0
-552960.0
-543488.0
-534400.0
-301568.0
-540416.0
-935424.0
-1087616.0
-655232.0
-659456.0
-885504.0
-1033088.0
-1233920.0
-817664.0
-158464.0
-205824.0
-215168.0
-150528.0
462336.0
483200.0
95872.0
27520.0
16768.0
-118400.0
-578048.0
-998912.0
-1010816.0
-932480.0
-989440.0
-1023360.0
-755328.0
-1104384.0
-962048.0
-1119872.0
-1619968.0
-1575808.0
-1278208.0
-889984.0
-958976.0
-1131904.0
-1431680.0
-1068800.0
-1177344.0
-666240.0
-316928.0
-140160.0
-148480.0
-234368.0
-277888.0
-888192.0
-1266816.0
-1227264.0
-584960.0
86656.0
-52864.0
-621312.0
-789888.0
-670720.0
-576256.0
-777728.0
-597760.0
-185856.0
-332288.0
-324608.0
-764032.0
-1190656.0
-807296.0
-480768.0
-870528.0
-896640.0
-706432.0
-260992.0
80896.0
-200704.0
-430976.0
-604288.0
-1017856.0
-457472.0
5376.0
-394496.0
288896.0
161280.0
-429312.0
-803968.0
-771328.0
-949248.0
-134784.0
-103552.0
-369536.0
-15488.0
147968.0
94848.0
-703488.0
-827008.0
-108288.0
-99584.0
-349568.0
-430080.0
-407040.0
-829696.0
-1208192.0
-1127040.0
-1162624.0
-901888.0
-620288.0
-661376.0
-867712.0
-1242752.0
-1125760.0
-720896.0
-1080320.0
-1297024.0
-1075072.0
-793216.0
-641280.0
-288512.0
-558080.0
-225280.0
-261120.0
-634752.0
-694656.0
-431616.0
-403328.0
-160256.0
-210688.0
-208384.0
113664.0
-97024.0
-718976.0
-728960.0
-531712.0
-549760.0
-356736.0
-459264.0
-694528.0
-549120.0
202240.0
-471296.0
-1093760.0
-677888.0
-484352.0
-777728.0
-1105280.0
-718336.0
-881664.0
-421120.0
70528.0
-491904.0
-362112.0
-447232.0
-416768.0
-452992.0
-846464.0
-881408.0
-856064.0
-551552.0
-419968.0
-758528.0
-907776.0
-912768.0
-421120.0
-47104.0
232192.0
251904.0
310272.0
333824.0
-540288.0
-485504.0
-182400.0
-312448.0
12672.0
-20224.0
-452736.0
-397568.0
-198272.0
-609408.0
-211968.0
-148864.0
-467328.0
-622848.0
-634496.0
-692736.0
-292224.0
-56704.0
174080.0
532864.0
123392.0
-129152.0
-157696.0
-319744.0
-242688.0
-173824.0
-98304.0
-140544.0
-154752.0
-539520.0
-848000.0
-156928.0
-113536.0
-18048.0
-34560.0
-14848.0
80768.0
61056.0
-277632.0
-398208.0
-227328.0
1664.0
346240.0
472704.0
134656.0
-190592.0
-131968.0
-299776.0
-671616.0
-1042432.0
-740992.0
-817024.0
-983680.0
-331776.0
-308352.0
-545024.0
-375040.0
-99968.0
245888.0
432384.0
665728.0
884352.0
171904.0
-251392.0
153344.0
111616.0
-337024.0
-12288.0
-46080.0
36480.0
-297344.0
-58624.0
688384.0
540800.0
575616.0
301312.0
301952.0
537856.0
544384.0
209280.0
126464.0
232704.0
-262912.0
-89344.0
337024.0
242560.0
-66688.0
-91008.0
-93056.0
-242304.0
-74880.0
253312.0
713856.0
597504.0
939520.0
652544.0
118656.0
118400.0
9216.0
97024.0
-146048.0
31232.0
161664.0
-230656.0
383744.0
762752.0
611200.0
-49408.0
66304.0
146944.0
240000.0
645504.0
556160.0
814336.0
731136.0
672512.0
803328.0
267648.0
-39552.0
221696.0
141952.0
412288.0
918272.0
623104.0
606208.0
596864.0
-523392.0
-567424.0
-766848.0
-905856.0
-148096.0
-226944.0
-318336.0
-783488.0
-334208.0
-112896.0
538880.0
892928.0
378240.0
469504.0
74240.0
-168960.0
-241664.0
-185472.0
-123392.0
-11648.0
154880.0
465664.0
667520.0
634752.0
69504.0
182400.0
198144.0
704384.0
876032.0
602624.0
491008.0
752640.0
846336.0
714240.0
860416.0
238464.0
89856.0
618240.0
464896.0
675712.0
528128.0
608768.0
392960.0
103552.0
241152.0
357888.0
282368.0
665344.0
767232.0
140416.0
194944.0
273152.0
733440.0
1154688.0
997248.0
17536.0
39040.0
398848.0
-68352.0
-460672.0
-79104.0
101888.0
198144.0
482816.0
568576.0
215424.0
371712.0
432768.0
563584.0
749056.0
872960.0
606208.0
438272.0
392320.0
198656.0
621952.0
830848.0
601600.0
565120.0
1006464.0
1522432.0
1373312.0
926720.0
704896.0
745344.0
277760.0
475392.0
870656.0
859904.0
784128.0
459904.0
593792.0
627712.0
243584.0
-143872.0
8960.0
394112.0
771968.0
331904.0
-164864.0
-163840.0
-482944.0
-562560.0
130688.0
493952.0
668928.0
465408.0
264832.0
518016.0
750336.0
1193984.0
1146112.0
948992.0
1193984.0
659072.0
237696.0
510208.0
648832.0
417920.0
701952.0
507520.0
-10624.0
-46208.0
558464.0
1184896.0
931328.0
301568.0
98688.0
475264.0
1111168.0
910720.0
514048.0
919552.0
1741056.0
2218496.0
1150336.0
189440.0
109440.0
972544.0
824576.0
218752.0
709632.0
1182592.0
1204352.0
1282176.0
1476096.0
1153792.0
463744.0
554496.0
1503744.0
1082496.0
1235456.0
1049344.0
322560.0
409728.0
453888.0
92800.0
104832.0
198272.0
-60544.0
9984.0
292608.0
555264.0
411136.0
161792.0
-481024.0
-220672.0
182016.0
452992.0
606592.0
490752.0
73216.0
-113280.0
387584.0
344576.0
509440.0
726400.0
482688.0
766720.0
948608.0
1100928.0
1072256.0
1343488.0
1353088.0
1195776.0
586752.0
246144.0
61056.0
428416.0
977280.0
898304.0
1389184.0
1791488.0
1474560.0
1102848.0
1032576.0
1024128.0
1042944.0
833536.0
1183232.0
1583872.0
1335040.0
695040.0
577664.0
1201920.0
1865728.0
1314816.0
1085056.0
1180928.0
1330688.0
1622912.0
1400960.0
963968.0
877568.0
1181696.0
1276928.0
1452288.0
1641088.0
1677312.0
1304960.0
1102848.0
2219904.0
1878528.0
1274880.0
1657344.0
1578752.0
1797888.0
1460480.0
699264.0
1056384.0
1571968.0
1680384.0
1724672.0
1589888.0
898688.0
1127168.0
1527296.0
851712.0
554496.0
186368.0
93952.0
1082240.0
1959168.0
1548928.0
1538560.0
1593344.0
1419392.0
1362432.0
1425152.0
1196544.0
1308800.0
1333120.0
697984.0
1197824.0
1300480.0
776704.0
322176.0
441984.0
1003776.0
877696.0
1224576.0
1207552.0
1032832.0
1130880.0
1569408.0
1351936.0
1039872.0
1742976.0
1628288.0
973056.0
1249024.0
1265280.0
962816.0
1183360.0
1572480.0
1743872.0
1557888.0
1808000.0
1624448.0
1830272.0
2101760.0
1996416.0
1616384.0
1498752.0
1302784.0
849792.0
682752.0
1093632.0
1928576.0
1809536.0
1832320.0
1755392.0
1658496.0
1635072.0
1755392.0
1905664.0
1612032.0
1739392.0
1760512.0
1602048.0
2087296.0
1972224.0
1832064.0
1784064.0
1391616.0
1482880.0
1979648.0
1984512.0
1626496.0
1483392.0
1139328.0
1191424.0
1206912.0
1059840.0
681600.0
782208.0
1386624.0
1734144.0
1496832.0
1122176.0
667264.0
676352.0
1447168.0
1230464.0
1129856.0
1244416.0
1057280.0
1106304.0
982784.0
907904.0
1013632.0
952832.0
897024.0
1155328.0
1055232.0
891520.0
1007616.0
578048.0
562304.0
456320.0
93824.0
171776.0
86784.0
488960.0
379008.0
-768.0
69120.0
444032.0
22656.0
275712.0
1014912.0
834304.0
1028992.0
1260032.0
972288.0
1117952.0
1414016.0
1272576.0
1532544.0
1656704.0
1579264.0
1643008.0
1943168.0
1615872.0
969088.0
596736.0
524672.0
160384.0
856832.0
1106560.0
799232.0
992896.0
1065344.0
1674368.0
1869696.0
1645696.0
970752.0
468480.0
418816.0
497024.0
623104.0
675200.0
635776.0
769152.0
713088.0
403456.0
124288.0
-166400.0
-164224.0
8320.0
537344.0
914816.0
1174528.0
1201280.0
1184384.0
1191424.0
774400.0
949248.0
1463680.0
1596032.0
935296.0
859392.0
1251328.0
1412480.0
836736.0
839040.0
1136384.0
1090304.0
856448.0
903040.0
1043456.0
422400.0
913152.0
1343104.0
667392.0
23936.0
375168.0
762240.0
912384.0
582016.0
746496.0
900864.0
1064704.0
1226496.0
1170432.0
1021184.0
951168.0
1126784.0
586496.0
933888.0
1201408.0
637696.0
720640.0
1115904.0
1404288.0
1309824.0
1561216.0
1930624.0
2132096.0
2047616.0
2283776.0
2864896.0
2373504.0
2063232.0
1824512.0
1242496.0
1452800.0
1766912.0
2188416.0
2548608.0
2214144.0
2598400.0
2348160.0
1576064.0
1647360.0
2287360.0
1898496.0
1561216.0
1540608.0
1729024.0
2017792.0
1978112.0
2163712.0
2218112.0
1990784.0
2493440.0
3085440.0
2407296.0
2155392.0
2133120.0
1991040.0
2068736.0
2284928.0
2371968.0
2500736.0
2608000.0
3189888.0
2444288.0
2157952.0
2516992.0
2196480.0
1463808.0
1421056.0
2281344.0
2084224.0
2286720.0
2107392.0
2172544.0
2924288.0
2920064.0
2159232.0
2045184.0
2081152.0
1926528.0
2304384.0
2640000.0
2778624.0
2906496.0
2762880.0
2782592.0
2544384.0
2337792.0
2031744.0
2429696.0
2554496.0
2198272.0
2085760.0
2118016.0
2300672.0
2060416.0
2354176.0
2628096.0
3103872.0
2644608.0
1853312.0
1729792.0
1559808.0
1510016.0
1821056.0
1833472.0
1923712.0
2026240.0
2607360.0
2751360.0
2506880.0
2881920.0
2726272.0
2352768.0
2845184.0
2528256.0
2193792.0
2030080.0
1866240.0
1997184.0
2420224.0
2641024.0
2523648.0
2380288.0
2112896.0
2238208.0
2233344.0
2022528.0
2156160.0
2337280.0
2139648.0
2672640.0
2816256.0
2908416.0
2828672.0
3359104.0
3131904.0
2650112.0
2262656.0
2374656.0
3046016.0
2905472.0
2664064.0
2589952.0
2719744.0
2868864.0
3002624.0
2712832.0
2881408.0
3070976.0
2949632.0
2871040.0
2983936.0
3682560.0
3868544.0
4082048.0
4110592.0
4134400.0
4209280.0
4166784.0
3960832.0
3621888.0
3777664.0
3748096.0
3882112.0
2943872.0
2685056.0
3211648.0
3527680.0
2963456.0
2465280.0
2960128.0
3151872.0
3216256.0
3199104.0
3334272.0
3906688.0
4138496.0
3894400.0
3696512.0
3667968.0
3861760.0
3749120.0
3910912.0
3959936.0
3822592.0
3863808.0
4248320.0
4464384.0
4592256.0
4372480.0
3923584.0
3595776.0
3858688.0
4018816.0
3472128.0
3536512.0
4068992.0
4165120.0
4113792.0
3905536.0
3643136.0
4221056.0
4398976.0
4125056.0
3777152.0
3774080.0
3776384.0
3749632.0
3977600.0
3865728.0
3691264.0
3548288.0
3551360.0
3764736.0
4132864.0
5051136.0
5146880.0
4929664.0
4820992.0
4686592.0
5323648.0
5360640.0
5141248.0
4643712.0
4350208.0
4272512.0
4593024.0
5466496.0
5699712.0
5171200.0
4381312.0
4520576.0
5027072.0
5142272.0
4579968.0
4625664.0
4614784.0
4630784.0
4845952.0
4664448.0
4175104.0
4351232.0
4212352.0
4027008.0
3838976.0
3493120.0
3832960.0
3476992.0
3122432.0
3034240.0
3230464.0
3446272.0
3361280.0
3112192.0
3361792.0
3729024.0
4079360.0
4396032.0
4490752.0
4144768.0
4189952.0
4264320.0
4110208.0
4166912.0
4232576.0
4232320.0
4179968.0
4238720.0
5104128.0
5060096.0
5220864.0
5545984.0
5107840.0
4647936.0
5115904.0
4963072.0
4557184.0
4487424.0
4898560.0
4921216.0
4732416.0
5051264.0
4873344.0
5195264.0
5025920.0
5299968.0
5532928.0
5770240.0
5804672.0
5634688.0
5567616.0
5505280.0
5600640.0
5802752.0
5463424.0
5532672.0
5527040.0
5264000.0
5656192.0
6248064.0
5871104.0
5336320.0
5514368.0
5459456.0
5291008.0
5166592.0
5085184.0
5597312.0
5640576.0
5389824.0
5219072.0
5513728.0
6216448.0
6366336.0
6294272.0
6205312.0
6007040.0
5803648.0
5326848.0
5234432.0
5959936.0
6383360.0
6275456.0
6297216.0
5894656.0
5743872.0
6487424.0
6782848.0
6365696.0
6621056.0
6634368.0
6345856.0
6129536.0
6034816.0
5916800.0
5183104.0
5177600.0
4894720.0
3976448.0
3438080.0
3660288.0
3940096.0
3995648.0
3703040.0
3651584.0
3789056.0
3433728.0
3143680.0
3755776.0
3934336.0
4148352.0
3891328.0
3666304.0
3939328.0
4049152.0
3590016.0
3252992.0
3324544.0
3404928.0
3931392.0
4051200.0
4183936.0
4215680.0
3976064.0
3873792.0
3749632.0
3316864.0
3085824.0
2948992.0
3096832.0
2788608.0
2456320.0
2773632.0
2603648.0
2779904.0
2733824.0
2482432.0
2517888.0
2989312.0
2927872.0
3013248.0
2597504.0
2168576.0
2775552.0
2726528.0
2728832.0
2865664.0
2621056.0
2821248.0
3426816.0
3404928.0
3106816.0
3014912.0
3312640.0
3826432.0
3850240.0
3894656.0
4455552.0
4388224.0
4730880.0
4372224.0
4706816.0
5709568.0
6163840.0
6221568.0
6706304.0
6825088.0
6561024.0
6756224.0
6792192.0
7436544.0
7645440.0
7438720.0
6721280.0
6325760.0
6170240.0
5739008.0
5580544.0
5373952.0
5652352.0
6047232.0
6007808.0
6072064.0
6016640.0
5789952.0
6130304.0
6152448.0
6250752.0
6051712.0
6193280.0
6980864.0
7093760.0
6929408.0
7078784.0
7082112.0
7075328.0
7311872.0
7430656.0
7367424.0
7310208.0
7339776.0
7363072.0
7459968.0
7531776.0
8031360.0
8610816.0
8673408.0
8380544.0
8208384.0
8039168.0
7922048.0
7561344.0
8134528.0
8639616.0
8668288.0
8739840.0
8496256.0
7616000.0
7457152.0
7604736.0
7026560.0
7030272.0
7358336.0
7798784.0
8206976.0
8265728.0
8313600.0
8223744.0
8920064.0
9140480.0
8431872.0
8003200.0
7421696.0
6781952.0
6423424.0
6118784.0
6547968.0
5893888.0
5611392.0
5697792.0
5055360.0
5108608.0
4977152.0
4621184.0
4115200.0
4430592.0
4507264.0
4820736.0
5005696.0
5275264.0
5418496.0
5076992.0
4720896.0
5044352.0
5775488.0
5719040.0
5590912.0
6086016.0
6425984.0
6865920.0
7855616.0
8256640.0
8801792.0
9486208.0
1.0422912E7
1.1459968E7
1.215296E7
1.3312256E7
1.4725632E7
1.6351488E7
1.7506432E7
1.8512128E7
1.9659648E7
2.1045632E7
2.210176E7
2.2840704E7
2.3664E7
2.4711168E7
2.5352192E7
2.5210368E7
2.465536E7
2.3839744E7
2.2390528E7
2.0214784E7
1.751488E7
1.4649216E7
1.2482816E7
1.103168E7
1.0564352E7
9683584.0
9368832.0
9326592.0
9549056.0
9685120.0
9361280.0
9298560.0
9186176.0
9326720.0
8963072.0
8309504.0
8124032.0
9777536.0
1.039616E7
1.043264E7
1.0076672E7
9689344.0
1.0659328E7
1.0830976E7
9708672.0
9720320.0
1.0550144E7
1.04128E7
1.0701568E7
1.1003008E7
1.0671872E7
1.0805504E7
1.088E7
1.0562304E7
1.112128E7
1.1182592E7
1.1006208E7
1.0559872E7
1.026688E7
1.0450304E7
1.028608E7
1.0246016E7
1.0855168E7
1.1062144E7
1.0726912E7
1.1053312E7
1.1584128E7
1.1391488E7
1.1320832E7
1.1369728E7
1.1677312E7
1.2196096E7
1.2449536E7
1.262976E7
1.2420992E7
1.2499328E7
1.2867328E7
1.2696704E7
1.3115264E7
1.3005312E7
1.3181568E7
1.3767552E7
1.3676288E7
1.3482624E7
1.3872896E7
1.3602176E7
1.362432E7
1.433536E7
1.472128E7
1.4950784E7
1.4821248E7
1.4414848E7
1.5010048E7
1.5313152E7
1.4869376E7
1.5147776E7
1.6020224E7
1.708864E7
1.6941824E7
1.7226112E7
1.765312E7
1.770816E7
1.7693824E7
1.873536E7
1.9778816E7
2.0230144E7
2.103168E7
2.1041664E7
2.1417856E7
2.2153984E7
2.2015232E7
2.2075264E7
2.2087808E7
2.1580032E7
2.01504E7
1.9270272E7
1.850688E7
1.8250624E7
1.7943552E7
1.7634176E7
1.7368704E7
1.7674496E7
1.754048E7
1.7478528E7
1.786944E7
1.7921024E7
1.7803264E7
1.7847296E7
1.7924096E7
1.8277632E7
1.8727296E7
1.9100928E7
1.93408E7
1.9353984E7
1.9239552E7
1.8801152E7
1.8829312E7
1.8966144E7
1.9109376E7
1.98624E7
2.0308096E7
1.9981568E7
1.9837824E7
1.9863936E7
2.0760192E7
2.0815616E7
2.0980352E7
2.0995456E7
2.0961408E7
2.0577024E7
2.0606464E7
2.0939008E7
2.1265408E7
2.1211392E7
2.1421184E7
2.1699328E7
2.2024576E7
2.2009472E7
2.197888E7
2.2035968E7
2.173184E7
2.20128E7
2.219584E7
2.2528768E7
2.2990208E7
2.3571968E7
2.3645696E7
2.3736832E7
2.4120448E7
2.4587136E7
2.5133184E7
2.5413504E7
2.55136E7
2.5943424E7
2.6019456E7
2.630592E7
2.6916096E7
2.7514112E7
2.8308352E7
2.8717184E7
2.8824448E7
2.8534528E7
2.8941056E7
2.9461248E7
2.9572224E7
2.9433472E7
2.98272E7
3.0081536E7
3.0308224E7
3.030208E7
3.0096512E7
3.03744E7
3.0480768E7
3.04704E7
3.0879104E7
3.08448E7
3.0727808E7
3.0898816E7
3.0273408E7
3.0632576E7
3.074624E7
3.036096E7
3.0585216E7
3.1004672E7
3.04928E7
3.037696E7
3.0390272E7
3.0808448E7
3.0985088E7
3.053056E7
3.0441472E7
3.1460608E7
3.2394368E7
3.2172544E7
3.2203392E7
3.2003712E7
3.1354496E7
3.1608448E7
3.1774976E7
3.1569408E7
3.1741952E7
3.140736E7
3.1865984E7
3.2584448E7
3.2609792E7
3.2361216E7
3.3017216E7
3.3654784E7
3.3825792E7
3.4283264E7
3.4738304E7
3.5291904E7
3.5232E7
3.5431296E7
3.5259392E7
3.5838848E7
3.6507904E7
3.6446208E7
3.694016E7
3.74176E7
3.8066432E7
3.8960512E7
3.9333888E7
3.9587328E7
4.0118016E7
4.111424E7
4.0978432E7
4.124992E7
4.1569664E7
4.146496E7
4.2069888E7
4.2593536E7
4.2884096E7
4.2449024E7
4.2828928E7
4.2906368E7
4.2727552E7
4.2902912E7
4.334976E7
4.36864E7
4.3888512E7
4.430336E7
4.4973184E7
4.5040512E7
4.5447936E7
4.5950336E7
4.6027136E7
4.5888E7
4.6362112E7
4.6674304E7
4.7377664E7
4.7526016E7
4.7193728E7
4.7126528E7
4.7220992E7
4.7105152E7
4.6908416E7
4.6878592E7
4.6888576E7
4.7391488E7
4.7886208E7
4.811712E7
4.8020096E7
4.8499328E7
4.8910848E7
4.8944768E7
4.9441536E7
5.0828416E7
5.1765504E7
5.2644736E7
5.3217152E7
5.3385472E7
5.4615808E7
5.505088E7
5.565568E7
5.6114432E7
5.6565504E7
5.7016576E7
5.7438976E7
5.8725376E7
5.971328E7
5.9925248E7
5.9613824E7
6.0016384E7
5.9779456E7
6.0084992E7
6.0353152E7
6.0406784E7
6.0388608E7
6.0792064E7
6.0644096E7
6.0343552E7
6.071488E7
6.0991872E7
6.1723136E7
6.2387712E7
6.310336E7
6.379968E7
6.4592384E7
6.563712E7
6.6673152E7
6.758592E7
6.8347904E7
6.9207552E7
7.0193024E7
7.1518976E7
7.24736E7
7.3131904E7
7.3301632E7
7.3654784E7
7.34656E7
7.4134656E7
7.487424E7
7.5281792E7
7.5997696E7
7.66144E7
7.7404928E7
7.8261504E7
7.9149184E7
7.9184896E7
7.9500544E7
8.0394752E7
8.1279488E7
8.1767552E7
8.2236672E7
8.3031936E7
8.363392E7
8.3719296E7
8.4461312E7
8.4954368E7
8.548736E7
8.5871488E7
8.6443264E7
8.7441664E7
8.811008E7
8.8139648E7
8.8759296E7
9.0004352E7
9.1080448E7
9.1377152E7
9.1960576E7
9.2541824E7
9.265728E7
9.3469184E7
9.4083456E7
9.4789376E7
9.572928E7
9.6255744E7
9.732352E7
9.8512384E7
9.8779776E7
9.9330816E7
1.0007616E8
1.00057088E8
1.00046848E8
9.9909248E7
9.9458816E7
9.8828032E7
9.8068096E7
9.7668736E7
9.7425536E7
9.6109824E7
9.501888E7
9.4887296E7
9.4286976E7
9.34592E7
9.2970112E7
9.2408064E7
9.2122112E7
9.1830016E7
9.0575744E7
8.9380736E7
8.8399616E7
8.6583168E7
8.4612608E7
8.2984704E7
8.1344512E7
7.9266944E7
7.7266304E7
7.5659136E7
7.3763328E7
7.241152E7
7.1104384E7
6.975552E7
6.8761856E7
6.8922624E7
6.9561472E7
7.020224E7
7.1771136E7
7.4016128E7
7.7330176E7
8.1101952E7
8.4999296E7
8.9530368E7
9.3652864E7
9.6908544E7
9.936896E7
1.02041984E8
1.04936576E8
1.07272448E8
1.09518208E8
1.11499392E8
1.13713024E8
1.16534784E8
1.1867072E8
1.21204608E8
1.2336E8
1.2594432E8
1.29493888E8
1.32200576E8
1.35071872E8
1.37347968E8
1.39451648E8
1.40977536E8
1.419712E8
1.4325568E8
1.44687104E8
1.46099584E8
1.47549696E8
1.49053952E8
1.50518912E8
1.52573312E8
1.54422016E8
1.5614144E8
1.57818752E8
1.59719808E8
1.61441408E8
1.63122432E8
1.64818816E8
1.67532416E8
1.70070528E8
1.72300288E8
1.75143296E8
1.78056832E8
1.8107072E8
1.8417024E8
1.8683136E8
1.89278336E8
1.91803264E8
1.939136E8
1.96715776E8
1.99625088E8
2.0212608E8
2.04357888E8
2.06731136E8
2.0894144E8
2.10690688E8
2.13049088E8
2.15185664E8
2.16901376E8
2.19107584E8
2.22137728E8
2.25487872E8
2.28494208E8
2.31617536E8
2.35345792E8
2.38734976E8
2.410656E8
2.43534976E8
2.46947328E8
2.50383872E8
2.5306688E8
2.56395264E8
2.59340288E8
2.62304896E8
2.65572352E8
2.6912512E8
2.73305472E8
2.77060608E8
2.81192192E8
2.8550272E8
2.89748096E8
2.94496896E8
2.98619264E8
3.03149696E8
3.07775232E8
3.12217472E8
3.16688384E8
3.21068672E8
3.25116544E8
3.30398976E8
3.34907776E8
3.39004928E8
3.43182464E8
3.47284992E8
3.51179392E8
3.55083776E8
3.59747968E8
3.63948544E8
3.6711168E8
3.69812608E8
3.72354048E8
3.74614656E8
3.77383936E8
3.79954432E8
3.82566144E8
3.8466368E8
3.87023744E8
3.89743104E8
3.9287808E8
3.9691584E8
4.02094464E8
4.08615936E8
4.16024576E8
4.236288E8
4.31238784E8
4.39460864E8
4.47787264E8
4.55492864E8
4.63552768E8
4.71543296E8
4.79788032E8
4.8827392E8
4.97200384E8
5.05823872E8
5.14309376E8
5.2335744E8
5.33012608E8
5.42857344E8
5.53190272E8
5.63620864E8
5.74781824E8
5.8642112E8
5.98823552E8
6.10841984E8
6.22484608E8
6.34246784E8
6.46816128E8
6.59781504E8
6.73302144E8
6.86672384E8
7.00151936E8
7.14670592E8
7.30288128E8
7.4661824E8
7.6317184E8
7.79737088E8
7.96719488E8
8.14702208E8
8.33127168E8
8.52483328E8
8.72107648E8
8.92284544E8
9.13203968E8
9.34437504E8
9.56710784E8
9.80097024E8
1.003497088E9
1.028086528E9
1.054304384E9
1.08165632E9
1.109807488E9
1.138816384E9
1.169023744E9
1.200997248E9
1.234345472E9
1.269180544E9
1.305876224E9
1.343936512E9
1.38287424E9
1.423918592E9
1.466966528E9
1.51210368E9
1.55820096E9
1.60590272E9
1.655947904E9
1.707808256E9
1.762616064E9
1.819836928E9
1.879058688E9
1.94138944E9
2.006918656E9
2.075789568E9
2.147780992E9
2.224134528E9
2.3052768E9
2.391557632E9
2.481228544E9
2.57648128E9
2.677554432E9
2.784990848E9
2.89887936E9
3.0206496E9
3.150256384E9
3.288099968E9
3.43499776E9
3.592440576E9
3.760610688E9
3.94119104E9
4.136121088E9
4.347466752E9
4.575248256E9
4.822127488E9
5.091447424E9
5.384205952E9
5.703916672E9
6.05457408E9
6.439454336E9
6.86234624E9
7.32864512E9
7.844673664E9
8.416922752E9
9.052947712E9
9.764239616E9
1.0561409536E10
1.145881664E10
1.2472173056E10
1.3619574144E10
1.4912479872E10
1.634973248E10
1.7893453056E10
1.9510971904E10
2.1186282496E10
2.2823374208E10
2.4246754176E10
2.5454307328E10
2.6596893824E10
2.7729949696E10
2.8837186944E10
2.9913719168E10
3.0954657792E10
3.1947224192E10
3.293630464E10
3.400209984E10
3.5185747968E10
3.647528704E10
3.7828818304E10
3.9186988928E10
4.0518912128E10
4.1865067008E10
4.319711872E10
4.43623968E10
4.5217072E10
4.5764365056E10
4.6023715328E10
4.5950012416E10
4.5501904384E10
4.4676222848E10
4.3435679104E10
4.175371584E10
3.9672429952E10
3.7245973248E10
3.421704704E10
3.0409902208E10
2.6406650112E10
2.277761792E10
1.9681489024E10
1.7092600064E10
1.4931361408E10
1.3113250304E10
1.156892608E10
1.0249714176E10
9.11700736E9
8.14408576E9
7.312150528E9
6.603324416E9
5.994224E9
5.46521728E9
5.00074112E9
4.589695104E9
4.221777664E9
3.89236032E9
3.594025984E9
3.3233344E9
3.076608896E9
2.853304576E9
2.654615168E9
2.481242112E9
2.326824576E9
2.188957312E9
2.064425216E9
1.952148352E9
1.8491072E9
1.754493696E9
1.667572224E9
1.587059712E9
1.511890816E9
1.442082304E9
1.376829696E9
1.31648128E9
1.25944576E9
1.205541632E9
1.154671616E9
1.108523136E9
1.064761984E9
1.023011072E9
9.84196352E8
9.48034048E8
9.14240896E8
8.8243072E8
8.52472192E8
8.25403776E8
7.9969536E8
7.75878656E8
7.53673856E8
7.32372864E8
7.12443008E8
6.93531776E8
6.75275392E8
6.5840384E8
6.41630976E8
6.25202688E8
6.09162496E8
5.93977216E8
5.79302528E8
5.64850432E8
5.51305088E8
5.38609792E8
5.26987136E8
5.15277952E8
5.04190592E8
4.93299584E8
4.83894144E8
4.74179968E8
4.64619776E8
4.55736064E8
4.46592512E8
4.37721984E8
4.29124352E8
4.2052352E8
4.1160896E8
4.0310144E8
3.95523968E8
3.87975168E8
3.8006272E8
3.71145344E8
3.6284864E8
3.55196544E8
3.48457728E8
3.4139904E8
3.3455744E8
3.27329664E8
3.2008064E8
3.13177344E8
3.06135936E8
3.00446208E8
2.94943744E8
2.89691904E8
2.84278144E8
2.78964224E8
2.7331008E8
2.67992832E8
2.63938816E8
2.5959552E8
2.54980224E8
2.50441856E8
2.45745408E8
2.40823296E8
2.36246528E8
2.31613312E8
2.28106624E8
2.24633472E8
2.20904576E8
2.16956416E8
2.13616E8
2.10525696E8
2.0708416E8
2.04171648E8
2.00841088E8
1.97796224E8
1.95185664E8
1.92450688E8
1.90086656E8
1.88273664E8
1.85915904E8
1.83035648E8
1.79528192E8
1.7573888E8
1.72758016E8
1.70114304E8
1.68045056E8
1.65622016E8
1.63509376E8
1.61673216E8
1.5901824E8
1.56019328E8
1.52946816E8
1.50017536E8
1.47021056E8
1.43290752E8
1.38957056E8
1.35177344E8
1.314368E8
1.26802176E8
1.21509504E8
1.16341376E8
1.1218752E8
1.08994432E8
1.06784256E8
1.05638016E8
1.04360448E8
1.0350528E8
1.02207744E8
1.0123584E8
1.00676992E8
9.96928E7
9.9039744E7
9.8490752E7
9.7631232E7
9.703808E7
9.6337792E7
9.626816E7
9.5970048E7
9.4945792E7
9.3972352E7
9.323072E7
9.258688E7
9.1779072E7
9.147328E7
9.1504128E7
9.0349696E7
8.9530752E7
8.8943872E7
8.7645952E7
8.637504E7
8.557056E7
8.5005184E7
8.3977344E7
8.257664E7
8.1258496E7
8.0275072E7
7.9312512E7
7.8163072E7
7.7813632E7
7.7430656E7
7.712128E7
7.693632E7
7.5625088E7
7.5088512E7
7.4824704E7
7.400896E7
7.314688E7
7.2553088E7
7.2050816E7
7.1109376E7
7.0646144E7
7.0071552E7
6.9686656E7
6.9404032E7
6.9287168E7
6.9747456E7
6.9883648E7
7.0214016E7
7.0425472E7
7.0662144E7
7.0472832E7
7.047424E7
7.0953856E7
7.1277056E7
7.1378304E7
7.1051264E7
7.0642304E7
7.0854016E7
7.0710912E7
7.064384E7
7.0192896E7
7.0176384E7
6.9594112E7
6.9127168E7
6.9283968E7
6.9236992E7
6.908352E7
6.9603712E7
7.01664E7
7.0435456E7
7.097728E7
7.084992E7
7.1143168E7
7.1498752E7
7.1737344E7
7.1814912E7
7.2002432E7
7.2633344E7
7.3200896E7
7.408064E7
7.4766464E7
7.4580352E7
7.3843456E7
7.357184E7
7.3636992E7
7.2599296E7
7.1129472E7
7.0382976E7
7.0147328E7
6.9815296E7
6.851776E7
6.6525568E7
6.5827072E7
6.4353792E7
6.1935104E7
5.9613568E7
5.7049984E7
5.4207616E7
5.0640768E7
4.7013632E7
4.2398208E7
3.7894272E7
3.3507456E7
2.957376E7
2.65088E7
2.3725056E7
2.1797888E7
2.0751232E7
1.981888E7
1.8648064E7
1.7820288E7
1.7433728E7
1.7583488E7
1.7171712E7
1.6401152E7
1.6288E7
1.6074624E7
1.5874304E7
1.645184E7
1.6423552E7
1.6171136E7
1.5287552E7
1.493632E7
1.4550912E7
1.412032E7
1.350848E7
1.3063808E7
1.2923136E7
1.2724352E7
1.2543616E7
1.2006016E7
1.1777024E7
1.2208896E7
1.2212096E7
1.2212736E7
1.239552E7
1.2891776E7
1.2873088E7
1.3146496E7
1.3149824E7
1.2522112E7
1.2402432E7
1.2436736E7
1.2553728E7
1.2291328E7
1.2163968E7
1.203712E7
1.219648E7
1.1612672E7
1.114752E7
1.0755712E7
1.0892928E7
1.1159424E7
1.1531392E7
1.1204224E7
1.012544E7
9451648.0
9419392.0
9505280.0
9475968.0
9697152.0
9538304.0
9530752.0
9854336.0
9479680.0
9479296.0
9442688.0
9609088.0
9182592.0
9501568.0
9702784.0
1.008512E7
1.0277632E7
1.0262272E7
1.0667392E7
1.0799232E7
1.0697856E7
1.0889984E7
1.2002816E7
1.2151552E7
1.2687104E7
1.3245056E7
1.36416E7
1.4358784E7
1.5068032E7
1.5491456E7
1.5185536E7
1.4780544E7
1.4879872E7
1.5237376E7
1.4727424E7
1.4433664E7
1.423168E7
1.3460224E7
1.3463168E7
1.272384E7
1.1706752E7
1.0998016E7
1.0668672E7
1.0161408E7
9788672.0
9344000.0
9270528.0
9044736.0
9239936.0
9735168.0
9864960.0
9837696.0
1.0035712E7
1.067904E7
1.1036416E7
1.083136E7
1.1187456E7
1.1414528E7
1.127488E7
1.1511808E7
1.1447552E7
1.136896E7
1.1586176E7
1.1953536E7
1.1925632E7
1.2019584E7
1.1624064E7
1.1696256E7
1.1586048E7
1.1580544E7
1.1747712E7
1.1177984E7
1.0653056E7
1.0719232E7
1.0404864E7
1.0429824E7
1.0567936E7
9750656.0
9711872.0
9261952.0
9091328.0
9592192.0
9432576.0
9034240.0
9079808.0
8776576.0
8357120.0
8390400.0
8384512.0
8099072.0
7879680.0
7592192.0
7571200.0
6995584.0
6334848.0
6062464.0
6086400.0
6376064.0
5855360.0
5201280.0
5137536.0
5224192.0
5665664.0
5876480.0
5277056.0
4805376.0
5168768.0
5765760.0
5942912.0
6009216.0
5655424.0
5150592.0
4534016.0
5201152.0
5437184.0
5159168.0
5077888.0
4784000.0
4602752.0
4642688.0
4757760.0
5363968.0
5330432.0
5212800.0
5274240.0
4665728.0
3925632.0
3743104.0
4146560.0
4387072.0
4337152.0
4933632.0
4414080.0
3454208.0
3305856.0
3304320.0
3607552.0
3930240.0
3735808.0
3705984.0
3588480.0
3214336.0
3444608.0
3644672.0
2669824.0
1650176.0
1773184.0
1359744.0
1086720.0
703872.0
430976.0
390144.0
627840.0
-258816.0
-398080.0
-254720.0
274944.0
437120.0
360960.0
342144.0
637952.0
526848.0
139776.0
296960.0
463360.0
813568.0
583936.0
983040.0
1142656.0
1106176.0
1816576.0
2191616.0
2112256.0
2816512.0
2708864.0
2610560.0
2723456.0
2680960.0
2691968.0
2802688.0
3099264.0
2637696.0
2093184.0
2733184.0
2884608.0
2895488.0
3366272.0
3586176.0
3710592.0
3579008.0
3344512.0
3440128.0
4083968.0
4025344.0
3358720.0
3175680.0
3593600.0
4046336.0
4639232.0
4366592.0
4040064.0
4232960.0
4103296.0
3574656.0
3641728.0
4265728.0
4625536.0
4450944.0
4542208.0
4734592.0
4376576.0
4698752.0
4729728.0
4683008.0
4983680.0
5166464.0
4838784.0
4754048.0
4489344.0
4704384.0
5100416.0
4817024.0
4014848.0
3758976.0
3343360.0
2629632.0
2186624.0
1809664.0
775808.0
-480640.0
-1407872.0
-2792960.0
-3433600.0
-4181376.0
-4806144.0
-5278080.0
-5621120.0
-6209536.0
-7185152.0
-7584000.0
-7614720.0
-6897664.0
-6097792.0
-5613056.0
-5304320.0
-4416640.0
-4081536.0
-4126720.0
-3685632.0
-3425024.0
-2839040.0
-3110400.0
-3180800.0
-3426816.0
-3311616.0
-3069056.0
-3025792.0
-2752512.0
-2737152.0
-2650496.0
-2511104.0
-2275712.0
-1925120.0
-1969024.0
-2208896.0
-1578240.0
-1128320.0
-1275264.0
-1294976.0
-918400.0
-189312.0
280832.0
727552.0
1360384.0
1926400.0
2081920.0
1978880.0
1799040.0
1885440.0
2371072.0
2701184.0
2681344.0
2415232.0
2367360.0
2731136.0
2734464.0
2781952.0
2903424.0
2619648.0
2604032.0
2609792.0
2351232.0
2523264.0
2833792.0
2454656.0
1723392.0
1433344.0
2177792.0
2679808.0
3292928.0
4236544.0
5521408.0
6446720.0
7258496.0
7179648.0
6899456.0
7761408.0
8310400.0
8994048.0
9356672.0
1.0105856E7
1.0634624E7
1.0034048E7
1.0166144E7
1.013888E7
9507712.0
9246848.0
8636928.0
7851264.0
7520768.0
6737664.0
5439488.0
4710272.0
3717504.0
1624960.0
-738816.0
-2664448.0
-3938048.0
-5289472.0
-7175424.0
-9306240.0
-1.1021952E7
-1.223744E7
-1.4067584E7
-1.4986752E7
-1.4811264E7
-1.3702528E7
-1.2122752E7
-1.0390144E7
-8874752.0
-8332928.0
-7784576.0
-7312256.0
-7031680.0
-6851712.0
-6356352.0
-6182144.0
-6077696.0
-5453824.0
-4724096.0
-4453376.0
-4419328.0
-4245376.0
-4450688.0
-4204160.0
-3565568.0
-2874752.0
-2623360.0
-2685056.0
-2598912.0
-2686336.0
-2551552.0
-1925376.0
-1353984.0
-908032.0
-626944.0
128256.0
1154944.0
1183232.0
1413120.0
1722112.0
1300608.0
978688.0
1111808.0
1145216.0
1237248.0
657920.0
185984.0
64256.0
43904.0
-169984.0
-218624.0
226816.0
549248.0
145024.0
-217472.0
-544512.0
-737280.0
-424576.0
-481024.0
-719616.0
-843264.0
-427520.0
170496.0
20480.0
-489088.0
-393856.0
-931584.0
-343040.0
-130432.0
-894336.0
-1229440.0
-1451520.0
-966016.0
-609664.0
-408832.0
-431360.0
-360064.0
-352256.0
-580992.0
-628224.0
-899200.0
-866944.0
-941824.0
-980224.0
-726912.0
-661888.0
-510976.0
-111744.0
429184.0
474496.0
480768.0
978432.0
753792.0
761216.0
927104.0
1337728.0
1839232.0
1595904.0
1160960.0
957056.0
619904.0
556672.0
743808.0
527744.0
1056512.0
1596416.0
1341696.0
1396096.0
1586944.0
1493504.0
1746944.0
1945856.0
1574016.0
1185152.0
1383424.0
2155520.0
2956928.0
2925824.0
3415296.0
3978880.0
4076928.0
3707904.0
3144960.0
2892288.0
3331584.0
3436544.0
3418240.0
2859520.0
2619008.0
2636928.0
2179584.0
1550976.0
879872.0
846336.0
917376.0
814336.0
396288.0
628608.0
742784.0
680576.0
872704.0
807168.0
208640.0
-36864.0
511488.0
953600.0
996480.0
1378432.0
1656832.0
1738752.0
1904512.0
1477120.0
1212928.0
333696.0
274432.0
924800.0
1306752.0
1607808.0
2178688.0
2936704.0
2993024.0
2553728.0
1787264.0
1599104.0
1659904.0
1686528.0
1568128.0
1065216.0
968192.0
1647360.0
1702784.0
1964928.0
1790720.0
1299584.0
1084416.0
1302272.0
1129088.0
647296.0
133632.0
-461696.0
-1176320.0
-1350528.0
-2024448.0
-2363264.0
-2329088.0
-2449408.0
-2589952.0
-2853120.0
-3619072.0
-4281472.0
-3998976.0
-3568768.0
-3277056.0
-3289600.0
-3060224.0
-2352384.0
-2401280.0
-2578816.0
-2048384.0
-2194176.0
-1618688.0
-903552.0
-735360.0
-863744.0
-1022336.0
-1054208.0
-996736.0
-1019648.0
-582016.0
-676864.0
-817024.0
-1128704.0
-1058688.0
-1490304.0
-935040.0
-135936.0
-824064.0
-1104512.0
-738560.0
-1155840.0
-1712768.0
-2205312.0
-1997056.0
-1537664.0
-1194240.0
-1163904.0
-1403776.0
-1420544.0
-1148288.0
-758784.0
-815488.0
-488448.0
-448768.0
-377984.0
-298368.0
158592.0
-722560.0
-1026432.0
-1073024.0
-787840.0
-659328.0
-1163648.0
-1177728.0
-1358592.0
-937984.0
-714240.0
-867968.0
-1057408.0
-1466624.0
-1929216.0
-2000640.0
-2156928.0
-1730688.0
-1675264.0
-1778432.0
-1715712.0
-1241344.0
-883200.0
-1407488.0
-1009280.0
-1326592.0
-1143552.0
-675328.0
-691968.0
-962176.0
-504960.0
-160512.0
85888.0
673280.0
510976.0
785664.0
1062400.0
1031936.0
800000.0
513920.0
666112.0
1144320.0
1037312.0
1087232.0
751104.0
-204672.0
344832.0
1458816.0
1342080.0
799872.0
707968.0
520064.0
681088.0
1385984.0
1406080.0
773120.0
1147648.0
1705856.0
1473664.0
1560960.0
1512064.0
693376.0
-2560.0
433920.0
610944.0
868352.0
1436288.0
1515136.0
1546112.0
1892352.0
1999872.0
2097664.0
2346880.0
2167296.0
2019968.0
1759872.0
1434880.0
1656320.0
1525888.0
1620736.0
1696128.0
1757056.0
2033024.0
2516352.0
2298496.0
1783296.0
1495424.0
1200512.0
1129856.0
951808.0
1426688.0
1856128.0
1972992.0
2603264.0
2889472.0
2507136.0
2243200.0
2028928.0
2272768.0
2221568.0
2166784.0
2358784.0
2911104.0
2908416.0
2888192.0
2662272.0
2388480.0
2880000.0
2839040.0
3351680.0
3861504.0
3396480.0
3174144.0
3065984.0
3138944.0
2891136.0
3018368.0
3756672.0
3474560.0
3142400.0
3323648.0
3206144.0
3041152.0
3226240.0
2621184.0
2602496.0
2979456.0
3146240.0
3091840.0
2909952.0
3054208.0
2981888.0
3031168.0
3158912.0
3207296.0
3665408.0
3721216.0
3116032.0
2899200.0
3804544.0
4624256.0
4604032.0
4397440.0
4128256.0
4337536.0
4620032.0
4551808.0
4047872.0
4162944.0
4375680.0
4247808.0
4178048.0
4313472.0
4370688.0
4617600.0
4665216.0
4577408.0
5371648.0
4920448.0
4425728.0
4843392.0
4821504.0
5069696.0
5260032.0
5045376.0
4541440.0
4774016.0
4992768.0
4939776.0
4693504.0
4701568.0
4586880.0
4463616.0
4228864.0
4321664.0
4548608.0
4896768.0
4716928.0
4851328.0
4918912.0
4165632.0
4203264.0
4451072.0
4408192.0
4033152.0
3926656.0
4383872.0
4953088.0
5148544.0
5146496.0
4484992.0
4618880.0
4815360.0
4873856.0
4231296.0
4474496.0
4661760.0
5002240.0
4906624.0
5398912.0
6203904.0
6304256.0
5965824.0
5299456.0
5724288.0
5567872.0
5097088.0
4972160.0
5234816.0
5684352.0
5596160.0
5461888.0
5852288.0
5593216.0
5755392.0
6523904.0
7009664.0
6708992.0
6394624.0
6262272.0
6789632.0
7626624.0
7690368.0
8189568.0
8580096.0
8033152.0
8286080.0
8782464.0
8726272.0
8692864.0
8250752.0
8265600.0
8358784.0
8444800.0
8417664.0
8132608.0
7980928.0
7686144.0
7335168.0
6926720.0
7445376.0
7661696.0
7661056.0
8538624.0
8630144.0
7815168.0
7700480.0
7512448.0
7807232.0
8111360.0
8081920.0
7606528.0
7624320.0
7640576.0
7593984.0
7241472.0
7158656.0
6870912.0
6726912.0
6842112.0
6706048.0
6902144.0
7174400.0
7578880.0
7535488.0
7579904.0
7305216.0
7142144.0
7043328.0
7468544.0
7748096.0
7751680.0
7469184.0
7545984.0
7775104.0
7939840.0
8536448.0
8975104.0
8201216.0
7943680.0
8001152.0
8352256.0
8440448.0
8071424.0
8099328.0
8014976.0
7791744.0
7911296.0
7653760.0
7248384.0
7268352.0
7367296.0
7171712.0
7152384.0
7336192.0
7025280.0
7197184.0
6987136.0
6631296.0
7223808.0
7725312.0
7201792.0
7188096.0
7002240.0
6174720.0
5407744.0
5456000.0
6270464.0
6800256.0
6987136.0
7090688.0
7277952.0
7215744.0
6806272.0
6347392.0
5836800.0
5870336.0
6146816.0
6030592.0
6319104.0
6552448.0
6999936.0
7004288.0
6659328.0
6470144.0
6488576.0
6743552.0
6637952.0
7118592.0
6831744.0
6618240.0
7232640.0
7083904.0
6908544.0
6877568.0
6929664.0
6835840.0
7279872.0
7817088.0
7384704.0
7255424.0
6936448.0
7138432.0
7678208.0
7713536.0
7153024.0
7169792.0
7252352.0
7247232.0
7491072.0
7572352.0
7956992.0
8073088.0
8386432.0
8313728.0
8157312.0
8006272.0
7555200.0
7257344.0
7166080.0
7638656.0
8137856.0
7575296.0
7234048.0
7029632.0
6348672.0
6535552.0
7035520.0
7086720.0
7014528.0
7110784.0
6705664.0
6476672.0
6726912.0
6512896.0
6266112.0
5925504.0
5941376.0
6652160.0
6846336.0
6913408.0
6865920.0
6824064.0
6925056.0
6612224.0
6666880.0
6272384.0
6172032.0
6488448.0
6904832.0
6754048.0
6455168.0
6756224.0
6620800.0
6545920.0
6964096.0
7261952.0
7271552.0
7370240.0
7521664.0
7460352.0
7023744.0
7087232.0
7312768.0
7853952.0
8147200.0
8283392.0
7958144.0
8027264.0
8885120.0
8840704.0
9170176.0
9359232.0
9456128.0
9697024.0
9713024.0
9520128.0
9633152.0
9388160.0
9233792.0
9305088.0
1.0151936E7
1.0532864E7
1.0586624E7
1.0436864E7
9122176.0
9326080.0
9258112.0
9507712.0
9873664.0
9356544.0
8944640.0
8742144.0
9061248.0
9386496.0
9395840.0
9532928.0
9441408.0
9859584.0
1.002048E7
1.0065024E7
1.0360448E7
9964032.0
9958912.0
9537664.0
9233792.0
9452032.0
9873024.0
1.0086016E7
9867648.0
9923072.0
1.0306688E7
1.0236928E7
9977344.0
9860992.0
9852416.0
1.0356352E7
1.062592E7
1.0583296E7
1.0210944E7
1.048192E7
1.1061504E7
1.064512E7
1.0640128E7
1.1103744E7
1.0728064E7
1.0536704E7
1.0750848E7
1.0969472E7
1.085312E7
1.0344192E7
1.0445056E7
1.0406144E7
1.0685184E7
1.1239936E7
1.1303424E7
1.0924288E7
1.0973312E7
1.0809088E7
9940864.0
1.0265856E7
1.0486528E7
1.0636544E7
1.0987264E7
1.1073152E7
1.1102976E7
1.1218688E7
1.1440768E7
1.1702784E7
1.1970048E7
1.2233728E7
1.2543232E7
1.2456064E7
1.264384E7
1.2708992E7
1.3062784E7
1.3294848E7
1.3098368E7
1.3835776E7
1.4011008E7
1.3761664E7
1.4207872E7
1.4470144E7
1.392256E7
1.4014336E7
1.4298624E7
1.4460288E7
1.5006208E7
1.5302144E7
1.5652608E7
1.5506048E7
1.5526016E7
1.5850752E7
1.661056E7
1.7341824E7
1.7444224E7
1.7475584E7
1.7565824E7
1.7885056E7
1.8343424E7
1.8492416E7
1.782528E7
1.7850112E7
1.7528576E7
1.7342976E7
1.7570816E7
1.7085952E7
1.7038976E7
1.7608704E7
1.780864E7
1.786816E7
1.7624192E7
1.7242624E7
1.822656E7
1.8430464E7
1.8726272E7
1.9309824E7
1.9750016E7
1.9747968E7
1.9993344E7
1.9799936E7
1.955456E7
1.91776E7
1.9079168E7
1.9943552E7
2.0543488E7
2.039424E7
2.0791296E7
2.1165952E7
2.13696E7
2.1177344E7
2.117056E7
2.178816E7
2.1714432E7
2.1832832E7
2.1569408E7
2.1119488E7
2.075072E7
2.1223552E7
2.1441024E7
2.0789504E7
2.0123648E7
2.019904E7
2.0153984E7
2.0559616E7
2.033088E7
1.9649664E7
1.9713152E7
2.0161536E7
1.954112E7
1.8955648E7
1.87776E7
1.8601984E7
1.8652288E7
1.8519552E7
1.8490496E7
1.8664832E7
1.791616E7
1.7613056E7
1.729408E7
1.7312128E7
1.7254144E7
1.7263616E7
1.7246208E7
1.662528E7
1.635648E7
1.5460096E7
1.4786304E7
1.5207552E7
1.6054784E7
1.6049152E7
1.6034816E7
1.578048E7
1.5350784E7
1.5181696E7
1.4974336E7
1.4843392E7
1.47648E7
1.465792E7
1.4898432E7
1.4541696E7
1.4410624E7
1.4507264E7
1.4206848E7
1.3344128E7
1.369408E7
1.3717632E7
1.3494016E7
1.368832E7
1.3930752E7
1.3927936E7
1.3031936E7
1.3116032E7
1.3198208E7
1.3273856E7
1.331904E7
1.3337984E7
1.4026624E7
1.3781632E7
1.3057792E7
1.2510592E7
1.2935552E7
1.3112192E7
1.2559744E7
1.2066304E7
1.2410112E7
1.2545024E7
1.2517888E7
1.3235328E7
1.3365888E7
1.3551744E7
1.3669632E7
1.3420288E7
1.3134208E7
1.2796928E7
1.263936E7
1.3226496E7
1.3485184E7
1.3214464E7
1.3346048E7
1.3758208E7
1.3965312E7
1.3462016E7
1.339904E7
1.318912E7
1.3184768E7
1.3361024E7
1.2784768E7
1.2876416E7
1.3457152E7
1.357248E7
1.3150464E7
1.2917248E7
1.28192E7
1.3285504E7
1.3590016E7
1.3295872E7
1.3225344E7
1.3072768E7
1.2897024E7
1.3552128E7
1.409408E7
1.439552E7
1.4553856E7
1.4575744E7
1.388544E7
1.3971328E7
1.3923328E7
1.4082176E7
1.4158464E7
1.4115584E7
1.3583744E7
1.3376512E7
1.3520768E7
1.3959808E7
1.461952E7
1.4349056E7
1.43136E7
1.4186624E7
1.4223616E7
1.46464E7
1.4190464E7
1.3890816E7
1.4241408E7
1.4462848E7
1.5026688E7
1.5386368E7
1.5805952E7
1.6279808E7
1.5750144E7
1.5174784E7
1.5268096E7
1.5454592E7
1.5595648E7
1.5182592E7
1.5325312E7
1.5204352E7
1.5108352E7
1.4901248E7
1.5342592E7
1.513216E7
1.5706112E7
1.5757568E7
1.5410304E7
1.5240192E7
1.5133056E7
1.5218944E7
1.5401344E7
1.5277568E7
1.525568E7
1.5936512E7
1.6272512E7
1.5996032E7
1.5885952E7
1.611328E7
1.580672E7
1.565376E7
1.5676416E7
1.5667072E7
1.5657088E7
1.5718528E7
1.5359104E7
1.5325184E7
1.469952E7
1.4966656E7
1.5324416E7
1.5301888E7
1.5458688E7
1.5698176E7
1.5698176E7
1.5320192E7
1.5658112E7
1.5319296E7
1.4857472E7
1.477312E7
1.5126656E7
1.557888E7
1.494208E7
1.4617984E7
1.4148096E7
1.3717504E7
1.366528E7
1.3854976E7
1.3814784E7
1.3442944E7
1.3498496E7
1.3805824E7
1.3535872E7
1.3483776E7
1.3623552E7
1.3877632E7
1.3211776E7
1.2311296E7
1.1902976E7
1.1961216E7
1.2411264E7
1.2384128E7
1.195968E7
1.2319488E7
1.2579072E7
1.209344E7
1.2291712E7
1.1845376E7
1.154688E7
1.1552768E7
1.0920448E7
1.06336E7
1.0586624E7
1.0620032E7
1.0836864E7
1.065344E7
1.0047616E7
9995904.0
1.0643968E7
1.038464E7
1.03168E7
1.0541312E7
1.0467328E7
9974144.0
9756160.0
9107456.0
8973056.0
9165440.0
9041664.0
9146624.0
8993536.0
8793472.0
8723968.0
8691456.0
8676992.0
8405888.0
8157184.0
8582400.0
8596480.0
8649984.0
8946944.0
8753408.0
8475520.0
8812544.0
8522368.0
8137472.0
8201984.0
7800320.0
7634816.0
7778560.0
7676160.0
7239936.0
7172352.0
7213312.0
7124096.0
7257088.0
7355520.0
7566848.0
7527424.0
7467136.0
7716096.0
7277440.0
6778624.0
6958976.0
7327872.0
7497984.0
7191168.0
7367808.0
7171456.0
6991232.0
6859264.0
6312576.0
6063104.0
6123136.0
6615424.0
7259136.0
7595264.0
7454976.0
7004032.0
6560384.0
6311552.0
6262272.0
6508928.0
6051456.0
5791744.0
5615104.0
4861056.0
4543104.0
5067264.0
5548160.0
5992960.0
5896832.0
5452544.0
5425536.0
5796352.0
6512128.0
5688320.0
5472512.0
5295872.0
4837248.0
4797056.0
5439488.0
5723136.0
4940032.0
4698624.0
4287104.0
4873600.0
5268736.0
5508480.0
5126784.0
4903680.0
4891520.0
4893184.0
5125760.0
5417472.0
5495680.0
4609664.0
4018048.0
3941888.0
4268416.0
4340352.0
4952448.0
5004928.0
4348800.0
4217216.0
4522112.0
5408640.0
5161216.0
4407936.0
4380928.0
3892352.0
3872128.0
3762304.0
4063872.0
3436544.0
2908032.0
3309952.0
3287552.0
3753984.0
3834496.0
3899136.0
3962624.0
4040704.0
3750272.0
3948160.0
4097920.0
3598848.0
3369216.0
3592192.0
3464192.0
3156224.0
2915584.0
2701952.0
2986368.0
3215616.0
3275776.0
3502464.0
3197824.0
2772480.0
2820096.0
2572032.0
2441472.0
2558848.0
2395264.0
2496512.0
2700288.0
2819200.0
2497408.0
1987584.0
2945920.0
3294080.0
3255936.0
3359232.0
3456000.0
3013888.0
2536448.0
2570368.0
3274240.0
3925376.0
3549696.0
3564928.0
3289600.0
3100928.0
3407104.0
3271168.0
3018752.0
2941696.0
2774144.0
2909440.0
2787584.0
2813056.0
2655616.0
2441216.0
2195840.0
1762304.0
2081280.0
2261888.0
2187264.0
2465024.0
1797504.0
1686400.0
1673472.0
2033408.0
2219136.0
2098176.0
2099200.0
1785344.0
1902080.0
2418688.0
2787968.0
2094208.0
2189696.0
2523264.0
2201984.0
1752704.0
1936000.0
2127744.0
2182912.0
2240128.0
2342528.0
2120064.0
2038912.0
2197248.0
2159104.0
1733120.0
1731072.0
2066176.0
2229504.0
2648320.0
2406528.0
2442752.0
2582784.0
2048384.0
1874816.0
1749888.0
1797632.0
1987072.0
1990272.0
1678336.0
1816320.0
1707136.0
1476480.0
1288576.0
1026944.0
1300608.0
1285888.0
1319936.0
1192960.0
817792.0
936448.0
1245440.0
1331328.0
1715200.0
1530752.0
1904128.0
1869568.0
1537536.0
1700992.0
1612288.0
1557248.0
1251584.0
735616.0
1763456.0
2268160.0
1563776.0
1116928.0
501248.0
354432.0
363136.0
183168.0
150144.0
892544.0
1314176.0
1902848.0
2294400.0
2263168.0
1620608.0
1140224.0
1035392.0
778112.0
96128.0
-111872.0
509440.0
11136.0
72704.0
381056.0
497920.0
718592.0
766336.0
952960.0
893824.0
670336.0
152320.0
708992.0
993024.0
1265280.0
1330048.0
1031680.0
443904.0
760576.0
1334528.0
1222912.0
1658496.0
1886208.0
1723520.0
659328.0
321536.0
186752.0
315648.0
1009024.0
1541632.0
1117184.0
675200.0
142208.0
262272.0
906112.0
1028992.0
1046272.0
1363456.0
1678336.0
2020608.0
1301888.0
915968.0
655232.0
692608.0
1142400.0
721024.0
414592.0
604544.0
827264.0
937088.0
1241088.0
1132672.0
1198208.0
469888.0
227456.0
290304.0
349952.0
117504.0
-601088.0
-508672.0
293760.0
31232.0
-422528.0
-521216.0
-218752.0
-118784.0
-125056.0
309760.0
83456.0
-203264.0
415104.0
573952.0
679936.0
516736.0
230400.0
961536.0
788864.0
683776.0
817152.0
574464.0
-5376.0
-552960.0
-522112.0
-90112.0
225152.0
-110592.0
-41216.0
-17536.0
172672.0
-74880.0
-39680.0
-74880.0
-549888.0
-40320.0
-586240.0
99200.0
399872.0
307712.0
710656.0
130816.0
-304768.0
-606464.0
-482560.0
-561024.0
-188160.0
25856.0
516608.0
480128.0
253696.0
295680.0
-603904.0
-765056.0
-453120.0
-311168.0
262656.0
979456.0
640256.0
735360.0
194432.0
-584064.0
-923392.0
-313216.0
435840.0
142976.0
9216.0
-626048.0
-679680.0
-622080.0
-223104.0
-768.0
-51712.0
672512.0
471168.0
-261760.0
-950912.0
-729984.0
-324096.0
-183680.0
105344.0
-226816.0
-689664.0
-480000.0
-384896.0
-532480.0
-366464.0
-761984.0
-497792.0
239872.0
-102784.0
-545536.0
-514176.0
-52864.0
185344.0
-126336.0
-548096.0
-704384.0
-622848.0
-833664.0
-454400.0
-91392.0
275840.0
-79616.0
-341760.0
-315136.0
-380032.0
-338944.0
-294784.0
-176384.0
-374016.0
-808704.0
-657408.0
-416896.0
-695552.0
-909440.0
-581760.0
-275712.0
-260864.0
-452992.0
-387584.0
-166784.0
-432256.0
-180608.0
-583552.0
-593536.0
-687488.0
-1128832.0
-1285760.0
-808448.0
-406016.0
-358400.0
-224384.0
2944.0
-166912.0
-127232.0
259200.0
-422784.0
-696960.0
-461440.0
-515584.0
-713984.0
-728832.0
-890496.0
-566144.0
-555136.0
-144256.0
109184.0
-89856.0
-186624.0
-767104.0
-784384.0
-638080.0
-834048.0
-432640.0
-786048.0
-709248.0
-802688.0
-943616.0
-831360.0
-876416.0
-678528.0
-649984.0
-763520.0
-1414016.0
-1201280.0
-1124096.0
-640640.0
-531200.0
-349824.0
-455168.0
-87040.0
-100608.0
-572928.0
-1020416.0
-1084416.0
-932224.0
-904960.0
-954752.0
-1145088.0
-1687424.0
-1675264.0
-1337728.0
-1300992.0
-849152.0
-204160.0
170752.0
-234240.0
-558848.0
-928768.0
-1088128.0
-1438976.0
-1209984.0
-923264.0
-567296.0
-482816.0
-1022464.0
-1021568.0
-689792.0
-590208.0
-213504.0
-6272.0
-456704.0
-802048.0
-1096960.0
-1306368.0
-677504.0
-377600.0
-894720.0
-1254528.0
-903040.0
-893696.0
-699648.0
-483840.0
-255104.0
-629248.0
-1017856.0
-1085312.0
-1218176.0
-1585536.0
-1571328.0
-1116672.0
-372480.0
-274944.0
-260352.0
278784.0
-111488.0
-151424.0
-140544.0
-398592.0
-601088.0
-873856.0
-1167488.0
-796416.0
-867584.0
-1276288.0
-1527552.0
-1545472.0
-1151104.0
-1091200.0
-889728.0
-681216.0
-514304.0
-699520.0
-1026816.0
-492160.0
-576768.0
-1109632.0
-1014784.0
-473472.0
-493952.0
-452992.0
-162048.0
-835072.0
-1240960.0
-420864.0
-210432.0
-27136.0
-316800.0
-764160.0
-769152.0
-900224.0
-1040000.0
-767616.0
-206464.0
-154624.0
-508160.0
-349184.0
16640.0
678912.0
-272000.0
-1188352.0
-786816.0
-942976.0
-1112448.0
-1663488.0
-1921536.0
-1250304.0
-635392.0
-583424.0
-476288.0
-452864.0
-349568.0
-943104.0
-960384.0
-694144.0
-395392.0
-818176.0
-716928.0
-771840.0
-684288.0
-229760.0
-440448.0
-721920.0
-922624.0
-920064.0
-875776.0
-314368.0
-294912.0
-603520.0
-683776.0
-278656.0
-642048.0
-969088.0
-788736.0
-754048.0
-689920.0
-708096.0
-532224.0
-531712.0
-737536.0
-761984.0
-906880.0
-931968.0
-909312.0
-832640.0
-1290368.0
-1611008.0
-1352320.0
-877312.0
-537216.0
-468608.0
-329088.0
-407424.0
-137088.0
-295552.0
-415488.0
-380672.0
134144.0
-555904.0
-1293056.0
-668544.0
-156160.0
-438528.0
-1108992.0
-1101696.0
-1506560.0
-1642240.0
-1151232.0
-709248.0
-635520.0
-515712.0
-178560.0
-584064.0
-600192.0
-749824.0
-1405440.0
-977792.0
-770560.0
-484736.0
-413312.0
-842368.0
-378240.0
60928.0
-690432.0
-990464.0
-392192.0
-705920.0
-1562368.0
-1046144.0
-400128.0
-448640.0
-900864.0
-1131904.0
-993792.0
-725376.0
-735872.0
-1045248.0
-1040768.0
-550528.0
-84224.0
-477824.0
-408320.0
-432896.0
-488576.0
-782592.0
-528640.0
-168832.0
-849664.0
-426496.0
-267776.0
-250880.0
-467456.0
-311424.0
255616.0
-415360.0
-1123584.0
-928768.0
-393984.0
-411264.0
-943232.0
-1141760.0
-644608.0
-503424.0
-313856.0
-91008.0
-36992.0
-133760.0
-153216.0
-147712.0
-287744.0
-707456.0
-988416.0
-1096064.0
-1385600.0
-869632.0
-459776.0
-166400.0
-629760.0
-1386368.0
-1126144.0
-556288.0
-452096.0
-721152.0
-959232.0
-1014784.0
-518656.0
-128896.0
-449152.0
-862464.0
-782336.0
-919936.0
-692480.0
-600320.0
-142464.0
-194304.0
-657024.0
-675072.0
-564352.0
-802176.0
-600832.0
-353792.0
-1105408.0
-787712.0
-150656.0
159744.0
-498816.0
-843520.0
-543872.0
-732800.0
-748800.0
-701568.0
-737280.0
-795776.0
-911872.0
-1261440.0
-1372032.0
-1125504.0
-467072.0
-368128.0
-271232.0
-808320.0
-1440128.0
-1188736.0
-406400.0
-127488.0
-198912.0
-175232.0
-240640.0
-184960.0
-755072.0
-852352.0
-216960.0
82304.0
-238080.0
-489344.0
-902016.0
-728192.0
-674944.0
-565632.0
-250112.0
-342016.0
-673920.0
-304384.0
-743296.0
-1245440.0
-1116800.0
-917248.0
-670208.0
-619136.0
-1112192.0
-1505152.0
-1409792.0
-1259264.0
-766080.0
-460416.0
-1045504.0
-1215104.0
-1437184.0
-1521152.0
-1235712.0
-1025536.0
-950528.0
-977792.0
-624384.0
-553088.0
-492416.0
-841088.0
-440192.0
-547584.0
-639488.0
-35968.0
-448256.0
-839296.0
-457472.0
-1192320.0
-1340288.0
-1131008.0
-594688.0
7552.0
-229376.0
-693888.0
-901120.0
-608000.0
-225536.0
-238848.0
-61440.0
-114688.0
-304768.0
-419456.0
-500608.0
-295040.0
-577408.0
-836992.0
-999552.0
-630016.0
-721408.0
-1186944.0
-804096.0
-697472.0
-817664.0
-552704.0
-574208.0
-465664.0
-186112.0
-159744.0
211072.0
407296.0
283648.0
166784.0
-478976.0
-697216.0
-502656.0
-421120.0
-618752.0
-474880.0
-519808.0
-963200.0
-1339904.0
-1145856.0
-1055232.0
-1543424.0
-1392640.0
-1328640.0
-691712.0
-171392.0
-1158912.0
-1083264.0
-622080.0
-598400.0
-240384.0
-310400.0
-569216.0
-567808.0
-449408.0
111488.0
-150528.0
-268032.0
411392.0
382464.0
-233472.0
-626176.0
-868096.0
-638976.0
178944.0
317312.0
354304.0
167936.0
-9472.0
-386944.0
-451072.0
-576128.0
-316544.0
-364416.0
-730112.0
-418688.0
-535808.0
-600832.0
-298880.0
-180352.0
-907136.0
-986240.0
-718080.0
-412800.0
-516992.0
-857728.0
-1196416.0
-1216256.0
-539648.0
-368384.0
-294656.0
-537344.0
-924032.0
-818944.0
-621440.0
-78976.0
202496.0
186752.0
-213504.0
-508288.0
-322688.0
6016.0
47872.0
-555136.0
-851072.0
-161280.0
183808.0
-248448.0
-205952.0
188672.0
131712.0
35968.0
514688.0
124032.0
14976.0
-392704.0
-549120.0
-1061376.0
-885504.0
-158208.0
-247936.0
-85120.0
-77184.0
390400.0
311552.0
-291072.0
-676992.0
-742272.0
-278016.0
-435584.0
-598016.0
-830976.0
-703872.0
-220928.0
-180224.0
-759936.0
-1258240.0
-751232.0
-270976.0
50304.0
-308352.0
-536832.0
-378880.0
-323200.0
-176640.0
401664.0
207232.0
126592.0
280064.0
333696.0
181248.0
-6272.0
-63488.0
-90752.0
-356480.0
-473728.0
-739584.0
-114432.0
574464.0
175488.0
42496.0
-300160.0
58112.0
622592.0
891904.0
894848.0
865792.0
1049856.0
987904.0
607744.0
326272.0
20480.0
-484352.0
-756480.0
-531456.0
-430592.0
-261632.0
-335616.0
-188544.0
42880.0
-60288.0
588416.0
520704.0
603904.0
774272.0
304640.0
436224.0
858624.0
1025024.0
1045632.0
919808.0
539136.0
105600.0
186240.0
90496.0
57216.0
491264.0
905728.0
856704.0
36096.0
-92544.0
365568.0
600064.0
466560.0
695808.0
672000.0
775552.0
656640.0
231680.0
-68096.0
90752.0
509696.0
639232.0
439936.0
311552.0
-90496.0
48896.0
481792.0
18560.0
-249856.0
-616064.0
-547456.0
-331008.0
-730880.0
-600192.0
86656.0
354944.0
356736.0
12544.0
-109952.0
-146304.0
-884096.0
-713216.0
-472192.0
-420480.0
91392.0
426368.0
381952.0
-209408.0
-184448.0
1024.0
343424.0
-255232.0
145152.0
495104.0
160256.0
125184.0
279808.0
512384.0
467072.0
947072.0
1116288.0
966528.0
639744.0
752512.0
381440.0
537984.0
273664.0
215040.0
756480.0
961792.0
711552.0
264576.0
58752.0
-222336.0
-87552.0
98816.0
548992.0
796288.0
799488.0
837504.0
1216256.0
914176.0
644224.0
1055232.0
987648.0
815360.0
1133312.0
1128320.0
1174656.0
1337984.0
1086208.0
456448.0
797568.0
1131264.0
1432576.0
957312.0
509312.0
899200.0
1062144.0
892032.0
311168.0
520576.0
374656.0
42880.0
216832.0
263680.0
115456.0
939008.0
759040.0
655232.0
556032.0
625408.0
1220096.0
1078144.0
730112.0
711680.0
618624.0
584704.0
-4352.0
-272896.0
315392.0
268032.0
272000.0
723712.0
1025280.0
1311360.0
1517568.0
957696.0
571904.0
537088.0
844672.0
586368.0
73728.0
25216.0
80640.0
-19968.0
-308608.0
-352768.0
-450304.0
-68992.0
319488.0
-196864.0
382336.0
975744.0
908288.0
507136.0
17280.0
-145536.0
173312.0
783744.0
613120.0
384896.0
385024.0
479488.0
469632.0
-44416.0
-164864.0
78080.0
-32000.0
-447104.0
-377216.0
-364032.0
-547584.0
-194560.0
98944.0
335232.0
630272.0
658176.0
829312.0
772608.0
365824.0
447616.0
80640.0
-1152.0
326912.0
606720.0
210560.0
200192.0
106112.0
221184.0
386944.0
709376.0
1079424.0
752512.0
979840.0
922496.0
960896.0
932608.0
1188096.0
616448.0
337280.0
258944.0
61824.0
486912.0
567936.0
788352.0
820480.0
549632.0
555904.0
1000832.0
939776.0
540288.0
828544.0
760704.0
535936.0
592896.0
385152.0
-46976.0
-91136.0
-60672.0
287872.0
130304.0
-687360.0
-879232.0
-626560.0
-166400.0
-196224.0
-503040.0
-40064.0
-98176.0
-533248.0
-527488.0
-529152.0
-74240.0
68736.0
553984.0
724992.0
283264.0
103808.0
280960.0
140800.0
488320.0
324096.0
321024.0
318848.0
-59904.0
455552.0
827008.0
700800.0
686976.0
716032.0
401024.0
1189248.0
1209984.0
940928.0
884096.0
817920.0
1068800.0
539904.0
642816.0
490240.0
368256.0
601344.0
673408.0
536064.0
140544.0
33408.0
-401920.0
-143232.0
-3072.0
-30976.0
919936.0
1090176.0
866560.0
887808.0
1076736.0
677120.0
338432.0
495360.0
-141056.0
428672.0
757248.0
-68480.0
4992.0
61824.0
-189696.0
37632.0
275968.0
399616.0
474624.0
598016.0
395392.0
282624.0
352640.0
51968.0
-286848.0
-216576.0
345984.0
605824.0
911616.0
228736.0
-31872.0
823424.0
1161856.0
1558272.0
1014400.0
869504.0
692352.0
539776.0
452480.0
506752.0
1066368.0
1034624.0
348416.0
270848.0
735872.0
512128.0
264704.0
421376.0
408832.0
523904.0
314624.0
-49920.0
177152.0
379392.0
-169472.0
-604416.0
-311296.0
308352.0
374528.0
1792.0
545280.0
225792.0
-65664.0
216704.0
405888.0
-169344.0
-299648.0
256000.0
579072.0
303488.0
325376.0
591232.0
565504.0
344320.0
329088.0
392576.0
504576.0
740480.0
727552.0
361728.0
-106624.0
-151424.0
375296.0
106112.0
-102144.0
76672.0
541184.0
1240832.0
1080320.0
565888.0
123904.0
294272.0
657408.0
879616.0
735872.0
976640.0
1409536.0
1682176.0
1196160.0
678656.0
504064.0
107520.0
-393088.0
-435840.0
95744.0
775168.0
756864.0
450304.0
649088.0
979200.0
848000.0
620416.0
641792.0
1329920.0
1212544.0
839296.0
603648.0
917120.0
1098240.0
789632.0
838528.0
945792.0
910208.0
322304.0
362752.0
457984.0
453632.0
499328.0
247040.0
-573952.0
-588160.0
-85248.0
-117760.0
176768.0
343296.0
455296.0
477952.0
714880.0
55040.0
-305152.0
604032.0
1029888.0
1014784.0
872576.0
1024256.0
770176.0
392576.0
801792.0
685568.0
816640.0
983040.0
598400.0
549504.0
518528.0
252160.0
176128.0
-273152.0
-789376.0
-317056.0
13824.0
745984.0
358016.0
4608.0
-255488.0
-148608.0
-58112.0
-480000.0
-879872.0
-302336.0
31360.0
-68224.0
24832.0
670464.0
984320.0
700416.0
953984.0
480640.0
211072.0
-546816.0
18688.0
943232.0
454656.0
341248.0
22400.0
509312.0
338816.0
142208.0
-52224.0
27648.0
359040.0
-141056.0
455040.0
370944.0
157440.0
397952.0
115840.0
-314880.0
-368768.0
-236544.0
36864.0
-418944.0
-443008.0
43904.0
407680.0
228352.0
605568.0
1068544.0
1344256.0
1005440.0
824960.0
648192.0
749440.0
695040.0
667264.0
1088512.0
685824.0
355200.0
960000.0
288896.0
-184704.0
-335872.0
-556160.0
23296.0
282112.0
454528.0
915840.0
1057024.0
598144.0
575488.0
466304.0
940160.0
1147008.0
1158912.0
667904.0
194688.0
-533376.0
-568704.0
-222080.0
373120.0
661888.0
832896.0
1056640.0
1223808.0
1137152.0
307584.0
-329600.0
-435712.0
-1064192.0
-610816.0
176384.0
528768.0
813696.0
548096.0
497792.0
556544.0
635136.0
469120.0
25472.0
-206592.0
-288000.0
-296192.0
183808.0
383104.0
304384.0
-6656.0
-46848.0
267392.0
384.0
-185600.0
143872.0
339200.0
414848.0
914432.0
420608.0
-195712.0
185984.0
523392.0
491776.0
518912.0
719488.0
43392.0
104320.0
-23424.0
-147200.0
352512.0
601344.0
47488.0
-354432.0
295680.0
928512.0
878208.0
1081984.0
698624.0
229248.0
719872.0
829184.0
344704.0
154112.0
581760.0
780928.0
457088.0
695936.0
88832.0
-279296.0
28288.0
257536.0
366720.0
551936.0
739200.0
571648.0
504832.0
386304.0
88192.0
388224.0
99072.0
-182144.0
397184.0
386944.0
44928.0
183936.0
934144.0
662272.0
629120.0
583936.0
807168.0
823168.0
609024.0
331520.0
419328.0
276864.0
167680.0
15232.0
-411648.0
-757120.0
-525184.0
-378240.0
-484992.0
-329472.0
-237824.0
-309120.0
-216320.0
-490752.0
-1116928.0
-1326208.0
-687488.0
-434688.0
-649728.0
-258048.0
-447616.0
-53632.0
400384.0
618112.0
746752.0
541952.0
420736.0
345600.0
-13952.0
257664.0
-132096.0
-707968.0
-284544.0
-143872.0
197888.0
577920.0
280320.0
87168.0
276736.0
219008.0
16768.0
-100864.0
-242688.0
27264.0
-586240.0
-731008.0
-450688.0
-263424.0
-145280.0
-430208.0
-343168.0
-514816.0
-113024.0
-30720.0
-237056.0
-177920.0
-160640.0
-58112.0
-440192.0
-655104.0
-802304.0
-647552.0
102272.0
154880.0
-22400.0
-48640.0
-21632.0
-318848.0
322304.0
680960.0
437376.0
-333056.0
-560512.0
-325504.0
-151552.0
-366208.0
-23680.0
771712.0
340864.0
226816.0
-279168.0
-186624.0
-132224.0
16000.0
-338176.0
-115200.0
97024.0
389248.0
139648.0
-806400.0
-735360.0
-140416.0
-87552.0
-151168.0
-452096.0
-512000.0
-239744.0
-154240.0
-94208.0
-578944.0
-848512.0
-967296.0
-691328.0
-405888.0
-384.0
-311552.0
-100864.0
-419328.0
-899712.0
-816000.0
-878208.0
-1240448.0
-987392.0
-871424.0
-1006080.0
-825344.0
-462080.0
-208256.0
164736.0
165504.0
-313856.0
40064.0
354048.0
369152.0
-69632.0
-673792.0
-1224064.0
-650368.0
-120704.0
-169472.0
-553344.0
-879488.0
-1000576.0
-1759744.0
-1658112.0
-1486976.0
-1507712.0
-1624064.0
-1614592.0
-1774208.0
-2070016.0
-2212608.0
-2675456.0
-2407680.0
-1942912.0
-1909120.0
-2156416.0
-2153984.0
-2409728.0
-2639872.0
-3006464.0
-2803712.0
-2884992.0
-3031296.0
-3178624.0
-3210624.0
-3515648.0
-3749888.0
-3527168.0
-3637888.0
-3362176.0
-3423488.0
-3901184.0
-4499328.0
-4484992.0
-4423424.0
-4620416.0
-5147904.0
-5358464.0
-5263488.0
-5619456.0
-5975808.0
-6077824.0
-6156288.0
-6400384.0
-6426112.0
-6423808.0
-6789632.0
-7160448.0
-7308928.0
-7152896.0
-7696896.0
-8385024.0
-9057536.0
-8991616.0
-8473216.0
-8725760.0
-9399552.0
-9825664.0
-9764480.0
-1.0090112E7
-1.0892288E7
-1.1458944E7
-1.1531008E7
-1.1795072E7
-1.2023296E7
-1.1990912E7
-1.2227968E7
-1.245952E7
-1.2748672E7
-1.3145728E7
-1.3650304E7
-1.3917568E7
-1.3717376E7
-1.4404352E7
-1.4815744E7
-1.5319936E7
-1.5292032E7
-1.5372288E7
-1.5911552E7
-1.64768E7
-1.7273088E7
-1.8115328E7
-1.8916224E7
-1.8868352E7
-1.9430144E7
-1.9990144E7
-2.0308352E7
-2.0371584E7
-2.0958208E7
-2.17568E7
-2.2361728E7
-2.3021312E7
-2.3271936E7
-2.3732608E7
-2.4107904E7
-2.438848E7
-2.4989056E7
-2.565056E7
-2.61024E7
-2.6655232E7
-2.6689024E7
-2.700928E7
-2.766464E7
-2.8148224E7
-2.8828544E7
-2.9789184E7
-3.0507008E7
-3.1228928E7
-3.1811072E7
-3.2248064E7
-3.3200384E7
-3.3612544E7
-3.3774464E7
-3.4180736E7
-3.4587392E7
-3.484544E7
-3.5635456E7
-3.6484096E7
-3.7248384E7
-3.8018048E7
-3.9155712E7
-3.9588224E7
-4.0003328E7
-4.0902144E7
-4.1420928E7
-4.1827328E7
-4.24928E7
-4.3077888E7
