# File created = Monday, January 27, 2025 at 3:28:10 PM Greenwich Mean Time
# Data set = 2025-01-15-AH-BIO-01  140  1  /Users/alexhill/Downloads/2025-01-15-2025-01-15-AH-BIO-NMR
# Spectral Region:
# LEFT = 16.239290237426758 ppm. RIGHT = -3.8892911404150006 ppm.
#
# SIZE = 8192 ( = number of points)
#
# In the following ordering is from the 'left' to the 'right' limits!
# Lines beginning with '#' must be considered as comment lines.
#
-2.019803136E9
-1.991581696E9
-1.963739136E9
-1.936318464E9
-1.90846976E9
-1.881034752E9
-1.854697472E9
-1.826893824E9
-1.798701056E9
-1.773228032E9
-1.745717248E9
-1.7171968E9
-1.68779776E9
-1.660823552E9
-1.63457024E9
-1.607204864E9
-1.580734464E9
-1.554814976E9
-1.528127488E9
-1.501161472E9
-1.476077568E9
-1.451958272E9
-1.426395136E9
-1.400049664E9
-1.376139264E9
-1.35278592E9
-1.327828992E9
-1.302779904E9
-1.276663808E9
-1.251452928E9
-1.227008E9
-1.201317888E9
-1.178021888E9
-1.154240512E9
-1.132793856E9
-1.111064576E9
-1.08802048E9
-1.06610688E9
-1.044260864E9
-1.02152192E9
-9.975296E8
-9.7288192E8
-9.51945216E8
-9.31342336E8
-9.11173632E8
-8.90886144E8
-8.72394752E8
-8.50229248E8
-8.2922496E8
-8.11567104E8
-7.92492032E8
-7.7338624E8
-7.56846592E8
-7.39356672E8
-7.20488448E8
-7.00686336E8
-6.79022592E8
-6.61485568E8
-6.45111808E8
-6.29993472E8
-6.15000064E8
-5.98157312E8
-5.81203968E8
-5.64543488E8
-5.49726208E8
-5.35502848E8
-5.2091904E8
-5.05606144E8
-4.9183744E8
-4.76739584E8
-4.6104576E8
-4.48079872E8
-4.34870272E8
-4.21617664E8
-4.09260032E8
-3.9774208E8
-3.87639296E8
-3.76942592E8
-3.6190208E8
-3.50132224E8
-3.40553728E8
-3.29494528E8
-3.19490048E8
-3.10667264E8
-2.99618304E8
-2.89716224E8
-2.80694784E8
-2.70690304E8
-2.60667392E8
-2.52649472E8
-2.4602624E8
-2.38002176E8
-2.28599808E8
-2.19219968E8
-2.11132416E8
-2.03933696E8
-1.96173824E8
-1.90861312E8
-1.84283136E8
-1.79417088E8
-1.71517952E8
-1.65804032E8
-1.61478656E8
-1.55275264E8
-1.48860928E8
-1.39757568E8
-1.34299648E8
-1.29056768E8
-1.22599424E8
-1.16865024E8
-1.127424E8
-1.0870784E8
-1.04839168E8
-1.02057984E8
-9.8297856E7
-9.2248064E7
-9.1076608E7
-8.6960128E7
-8.4068352E7
-8.0799744E7
-7.5737088E7
-7.4207232E7
-7.1862272E7
-6.8018176E7
-6.5595392E7
-6.192128E7
-5.933056E7
-5.7864192E7
-5.561344E7
-5.2260864E7
-5.0282496E7
-5.0210816E7
-4.8033792E7
-4.562944E7
-4.3853824E7
-4.1680896E7
-4.0749056E7
-3.9702528E7
-3.6982784E7
-3.4627584E7
-3.2260096E7
-3.3814528E7
-3.2937984E7
-3.1379456E7
-3.0343168E7
-2.8993536E7
-2.7783168E7
-2.7414528E7
-2.7201536E7
-2.7490304E7
-2.7783168E7
-2.6884096E7
-2.333696E7
-2.167808E7
-2.1477376E7
-2.3810048E7
-2.4152064E7
-2.1250048E7
-1.9890176E7
-1.965056E7
-2.0760576E7
-1.9134464E7
-1.7051648E7
-1.5204352E7
-1.4716928E7
-1.6502784E7
-1.6715776E7
-1.5828992E7
-1.5730688E7
-1.573888E7
-1.639424E7
-1.354752E7
-1.2365824E7
-1.2490752E7
-1.2890112E7
-1.2544E7
-1.2998656E7
-1.43872E7
-1.2587008E7
-1.14688E7
-1.503232E7
-1.7618944E7
-1.8061312E7
-1.5761408E7
-1.43872E7
-1.308672E7
-1.405952E7
-1.517568E7
-1.4702592E7
-1.4211072E7
-1.4084096E7
-1.4309376E7
-1.1608064E7
-1.1419648E7
-1.1446272E7
-1.137664E7
-1.390592E7
-1.7741824E7
-1.5478784E7
-1.3111296E7
-1.2754944E7
-1.2115968E7
-1.3791232E7
-1.4579712E7
-1.4127104E7
-1.4215168E7
-1.21344E7
-1.2470272E7
-1.3088768E7
-1.3809664E7
-1.4436352E7
-1.4307328E7
-1.39264E7
-1.195008E7
-1.1505664E7
-1.1075584E7
-1.3379584E7
-1.3273088E7
-1.0856448E7
-9306112.0
-8880128.0
-8499200.0
-8056832.0
-8443904.0
-8374272.0
-8845312.0
-8611840.0
-8511488.0
-9228288.0
-8867840.0
-1.0235904E7
-1.240064E7
-1.2716032E7
-1.3920256E7
-1.2251136E7
-1.2029952E7
-1.2300288E7
-1.2255232E7
-1.0932224E7
-9789440.0
-1.004544E7
-9674752.0
-1.0141696E7
-9248768.0
-9402368.0
-1.0467328E7
-1.1450368E7
-1.159168E7
-1.0377216E7
-9539584.0
-1.0002432E7
-1.225728E7
-1.2619776E7
-1.0504192E7
-9357312.0
-1.0022912E7
-1.0512384E7
-1.0387456E7
-9867264.0
-1.071104E7
-1.0555392E7
-9791488.0
-9338880.0
-9166848.0
-1.2980224E7
-1.2480512E7
-1.077248E7
-9385984.0
-8667136.0
-7798784.0
-6793216.0
-7462912.0
-7174144.0
-7872512.0
-8011776.0
-6262784.0
-5756928.0
-7647232.0
-8361984.0
-8030208.0
-6838272.0
-6326272.0
-5627904.0
-6346752.0
-7995392.0
-8116224.0
-9738240.0
-1.0766336E7
-9277440.0
-8962048.0
-9836544.0
-8546304.0
-9084928.0
-7202816.0
-8636416.0
-9152512.0
-8833024.0
-9615360.0
-9242624.0
-7184384.0
-6948864.0
-5859328.0
-3827712.0
-4378624.0
-4810752.0
-4902912.0
-6162432.0
-8806400.0
-9140224.0
-1.2699648E7
-1.1302912E7
-9598976.0
-6838272.0
-7254016.0
-8671232.0
-6952960.0
-4569088.0
-5275648.0
-5099520.0
-4370432.0
-6086656.0
-6791168.0
-7075840.0
-6707200.0
-6912000.0
-6363136.0
-6883328.0
-6961152.0
-7122944.0
-5924864.0
-6162432.0
-6881280.0
-5560320.0
-7041024.0
-7622656.0
-6375424.0
-5851136.0
-5406720.0
-4132864.0
-5783552.0
-7649280.0
-7571456.0
-7061504.0
-7401472.0
-8658944.0
-6864896.0
-5713920.0
-4460544.0
-4696064.0
-3704832.0
-5191680.0
-6805504.0
-5961728.0
-6776832.0
-5861376.0
-5308416.0
-6336512.0
-5675008.0
-5406720.0
-5564416.0
-4206592.0
-3723264.0
-4145152.0
-3309568.0
-4247552.0
-4646912.0
-4550656.0
-4921344.0
-4321280.0
-4933632.0
-4958208.0
-6447104.0
-6809600.0
-6645760.0
-6541312.0
-6475776.0
-3047424.0
-2680832.0
-3328000.0
-2791424.0
-5660672.0
-6225920.0
-4337664.0
-3184640.0
-2455552.0
-1939456.0
-2662400.0
-5408768.0
-4462592.0
-2709504.0
-4435968.0
-2711552.0
-2086912.0
-2869248.0
-4249600.0
-3717120.0
-5398528.0
-5171200.0
-4438016.0
-4610048.0
-3762176.0
-4139008.0
-5629952.0
-7188480.0
-4958208.0
-3043328.0
-3385344.0
-3991552.0
-5685248.0
-3207168.0
-1103872.0
-811008.0
-1308672.0
-2945024.0
-3270656.0
-4358144.0
-2148352.0
-1021952.0
-1062912.0
-376832.0
-333824.0
-970752.0
-1855488.0
-1757184.0
-2318336.0
-3139584.0
-2541568.0
-3627008.0
-2727936.0
-712704.0
-2443264.0
-5076992.0
-4161536.0
-3905536.0
-2742272.0
-403456.0
-399360.0
-1695744.0
-3420160.0
-3788800.0
-4014080.0
-3989504.0
-2439168.0
-1323008.0
-1576960.0
-2729984.0
-4167680.0
-4136960.0
-2193408.0
-1026048.0
-1720320.0
-2725888.0
-839680.0
-518144.0
-3035136.0
-3313664.0
-1384448.0
-1525760.0
-1126400.0
-1003520.0
-1052672.0
-987136.0
-1671168.0
-2631680.0
-2060288.0
-2402304.0
-3375104.0
-2021376.0
-630784.0
-1300480.0
-1665024.0
-43008.0
-1538048.0
-647168.0
-1118208.0
-2994176.0
-2160640.0
-1122304.0
-993280.0
-1314816.0
-2170880.0
-2236416.0
-2832384.0
-755712.0
1449984.0
-595968.0
-2844672.0
-602112.0
1083392.0
2254848.0
2197504.0
122880.0
-681984.0
1052672.0
1501184.0
1464320.0
1495040.0
2023424.0
1431552.0
583680.0
1128448.0
286720.0
-987136.0
-1568768.0
391168.0
-1529856.0
-2344960.0
-2816000.0
-3454976.0
-1163264.0
-61440.0
-36864.0
1454080.0
24576.0
22528.0
2928640.0
1867776.0
1583104.0
532480.0
-2467840.0
-880640.0
2054144.0
1722368.0
-428032.0
536576.0
1785856.0
-329728.0
1007616.0
1808384.0
2643968.0
2938880.0
2932736.0
3770368.0
4249600.0
3856384.0
399360.0
1687552.0
77824.0
-2416640.0
-1157120.0
374784.0
1384448.0
1030144.0
231424.0
-83968.0
-1228800.0
-815104.0
-65536.0
2418688.0
5160960.0
6225920.0
4925440.0
2766848.0
2416640.0
2041856.0
1468416.0
1413120.0
2791424.0
2129920.0
911360.0
59392.0
1613824.0
4085760.0
4065280.0
5638144.0
6303744.0
2252800.0
1599488.0
2334720.0
3377152.0
4159488.0
5298176.0
4929536.0
3133440.0
2603008.0
1490944.0
929792.0
368640.0
1177600.0
2779136.0
1851392.0
4714496.0
6008832.0
4753408.0
4554752.0
2306048.0
1845248.0
514048.0
1738752.0
4364288.0
4700160.0
5101568.0
5394432.0
4583424.0
5302272.0
3883008.0
3551232.0
4491264.0
5439488.0
4878336.0
2818048.0
2502656.0
2609152.0
4212736.0
3678208.0
4220928.0
6348800.0
5967872.0
1519616.0
1644544.0
4048896.0
3272704.0
2060288.0
421888.0
552960.0
2973696.0
3829760.0
5681152.0
4601856.0
3598336.0
4261888.0
5558272.0
7110656.0
4634624.0
4390912.0
3534848.0
3760128.0
5287936.0
5500928.0
6057984.0
4956160.0
4317184.0
4167680.0
4100096.0
3520512.0
2437120.0
3997696.0
4362240.0
2934784.0
2621440.0
2416640.0
2502656.0
3155968.0
4182016.0
3213312.0
3266560.0
6146048.0
5095424.0
3117056.0
3004416.0
3749888.0
3651584.0
3786752.0
5015552.0
5296128.0
5965824.0
6531072.0
4976640.0
2699264.0
1361920.0
4089856.0
3762176.0
2656256.0
5054464.0
7346176.0
7329792.0
5945344.0
3315712.0
2789376.0
4644864.0
4728832.0
3160064.0
2760704.0
2283520.0
2412544.0
2973696.0
4714496.0
4880384.0
3567616.0
4659200.0
4034560.0
4366336.0
5267456.0
5533696.0
4751360.0
2439168.0
2689024.0
3618816.0
2770944.0
5179392.0
6086656.0
5611520.0
4974592.0
3874816.0
1687552.0
1267712.0
2324480.0
2424832.0
3047424.0
3944448.0
4876288.0
6465536.0
7763968.0
7012352.0
5562368.0
8366080.0
6131712.0
2697216.0
3203072.0
5312512.0
6701056.0
5769216.0
6258688.0
6709248.0
6154240.0
6324224.0
6995968.0
6963200.0
3647488.0
2252800.0
4495360.0
5343232.0
4581376.0
3487744.0
2932736.0
5658624.0
7399424.0
7049216.0
6893568.0
5521408.0
6373376.0
5675008.0
4612096.0
6557696.0
8364032.0
8873984.0
7784448.0
4941824.0
3309568.0
2232320.0
2547712.0
3241984.0
6014976.0
6146048.0
8243200.0
8931328.0
6717440.0
3631104.0
3727360.0
4257792.0
5390336.0
7786496.0
5453824.0
4335616.0
5072896.0
5713920.0
6193152.0
5412864.0
5715968.0
6856704.0
5525504.0
4329472.0
6725632.0
9070592.0
9660416.0
9336832.0
1.0100736E7
8351744.0
6924288.0
8214528.0
7135232.0
6578176.0
7350272.0
7823360.0
8028160.0
7223296.0
3796992.0
1591296.0
258048.0
2164736.0
4050944.0
6576128.0
7776256.0
7487488.0
7780352.0
8531968.0
5083136.0
2226176.0
4358144.0
6410240.0
8521728.0
8212480.0
7213056.0
7233536.0
5842944.0
6914048.0
8144896.0
8550400.0
8310784.0
8247296.0
6963200.0
5959680.0
7485440.0
1.084416E7
1.0231808E7
7753728.0
8587264.0
7233536.0
7419904.0
8001536.0
7196672.0
7055360.0
7522304.0
8155136.0
8808448.0
9252864.0
9998336.0
9590784.0
9316352.0
8169472.0
7579648.0
6946816.0
8015872.0
7911424.0
6590464.0
7475200.0
7530496.0
7964672.0
8249344.0
9388032.0
1.033216E7
1.0602496E7
8196096.0
4372480.0
3244032.0
4800512.0
8374272.0
7907328.0
6987776.0
6993920.0
6766592.0
6443008.0
4927488.0
3278848.0
5908480.0
8710144.0
8386560.0
7837696.0
4976640.0
6813696.0
7710720.0
6469632.0
6875136.0
7059456.0
5912576.0
8351744.0
9801728.0
6803456.0
7845888.0
9222144.0
9357312.0
9283584.0
8804352.0
7098368.0
6776832.0
7458816.0
5742592.0
4734976.0
6311936.0
8609792.0
8706048.0
8658944.0
8116224.0
6658048.0
8345600.0
8001536.0
8398848.0
7593984.0
6334464.0
5011456.0
3629056.0
3702784.0
5220352.0
7653376.0
6893568.0
6266880.0
5816320.0
5363712.0
5801984.0
6776832.0
7043072.0
7331840.0
7944192.0
6918144.0
6805504.0
6443008.0
7819264.0
6674432.0
7507968.0
9689088.0
8247296.0
7411712.0
7749632.0
9007104.0
8517632.0
7815168.0
5693440.0
5310464.0
4925440.0
5865472.0
4964352.0
6588416.0
7890944.0
8239104.0
7761920.0
6553600.0
7489536.0
8095744.0
9594880.0
1.005568E7
8577024.0
7809024.0
7102464.0
5636096.0
5724160.0
7477248.0
7737344.0
8218624.0
7778304.0
8865792.0
1.0641408E7
9504768.0
9179136.0
8863744.0
9129984.0
8421376.0
5287936.0
5568512.0
9474048.0
9000960.0
7219200.0
7292928.0
7577600.0
8175616.0
6926336.0
5947392.0
8032256.0
6940672.0
5613568.0
6711296.0
5335040.0
5339136.0
5824512.0
5943296.0
8478720.0
9254912.0
8589312.0
8656896.0
7608320.0
7710720.0
1.08544E7
8796160.0
7917568.0
9062400.0
9367552.0
8540160.0
9709568.0
9115648.0
8601600.0
8024064.0
7329792.0
6746112.0
8278016.0
9553920.0
8488960.0
8136704.0
8003584.0
7307264.0
7587840.0
1.0285056E7
1.0176512E7
9205760.0
7759872.0
7292928.0
8456192.0
7766016.0
6146048.0
6100992.0
8044544.0
1.1640832E7
1.0534912E7
7620608.0
5318656.0
7553024.0
7624704.0
5990400.0
4798464.0
4970496.0
6236160.0
7340032.0
8249344.0
8335360.0
8173568.0
7976960.0
9744384.0
9478144.0
9068544.0
8724480.0
7335936.0
8509440.0
8466432.0
7938048.0
7706624.0
6658048.0
6176768.0
6010880.0
6051840.0
9070592.0
9377792.0
9840640.0
8937472.0
6610944.0
6852608.0
6993920.0
6680576.0
6594560.0
4659200.0
3221504.0
5249024.0
6486016.0
8546304.0
7925760.0
7419904.0
6924288.0
7880704.0
9306112.0
1.0182656E7
8646656.0
7481344.0
8587264.0
9936896.0
8552448.0
5795840.0
5234688.0
7055360.0
8611840.0
9547776.0
8382464.0
7809024.0
9803776.0
1.0924032E7
1.0530816E7
1.0569728E7
1.0745856E7
9519104.0
9117696.0
8706048.0
8062976.0
7704576.0
7614464.0
8538112.0
6854656.0
4835328.0
4366336.0
3481600.0
4855808.0
5779456.0
9822208.0
9492480.0
6488064.0
8517632.0
8243200.0
6006784.0
6834176.0
8808448.0
7333888.0
5648384.0
5603328.0
5353472.0
6535168.0
9476096.0
9510912.0
8757248.0
8830976.0
8310784.0
7067648.0
7757824.0
1.0412032E7
1.0921984E7
9191424.0
9054208.0
9404416.0
8882176.0
9590784.0
9035776.0
9080832.0
9742336.0
1.0917888E7
9138176.0
1.0534912E7
1.1964416E7
1.2494848E7
1.2320768E7
9697280.0
8441856.0
6533120.0
5791744.0
6785024.0
9830400.0
8642560.0
8527872.0
8445952.0
9689088.0
1.1788288E7
1.1042816E7
1.0156032E7
7020544.0
5675008.0
5816320.0
7233536.0
8382464.0
7124992.0
8581120.0
9842688.0
9828352.0
1.1220992E7
1.0786816E7
8779776.0
6758400.0
7428096.0
9086976.0
8441856.0
7219200.0
6191104.0
7493632.0
7297024.0
6039552.0
6445056.0
8398848.0
1.0549248E7
8658944.0
8574976.0
8986624.0
8462336.0
9213952.0
8744960.0
6189056.0
5937152.0
9703424.0
1.0483712E7
9095168.0
8968192.0
9580544.0
9562112.0
8337408.0
7557120.0
8894464.0
8765440.0
5050368.0
4558848.0
6201344.0
7933952.0
7424000.0
9056256.0
1.0156032E7
8892416.0
6768640.0
7772160.0
7100416.0
6209536.0
7772160.0
8357888.0
9584640.0
8849408.0
1.0743808E7
1.0727424E7
9902080.0
9265152.0
8005632.0
8470528.0
8923136.0
7514112.0
7225344.0
7999488.0
1.0008576E7
1.0729472E7
1.1743232E7
1.2638208E7
1.2834816E7
1.092608E7
7614464.0
4995072.0
6596608.0
7118848.0
4857856.0
4392960.0
5050368.0
7071744.0
7915520.0
6506496.0
6447104.0
5947392.0
7294976.0
7604224.0
6612992.0
6232064.0
5699584.0
6574080.0
6299648.0
8118272.0
1.0838016E7
9379840.0
7731200.0
9132032.0
8177664.0
6733824.0
4790272.0
3766272.0
5408768.0
6742016.0
5912576.0
6588416.0
7120896.0
6877184.0
7477248.0
7995392.0
7671808.0
7823360.0
9086976.0
1.005568E7
9752576.0
8388608.0
7290880.0
8050688.0
8318976.0
9013248.0
7497728.0
7086080.0
5636096.0
7673856.0
9672704.0
1.0799104E7
1.011712E7
6682624.0
6543360.0
5562368.0
4128768.0
5879808.0
6756352.0
4601856.0
5584896.0
6875136.0
7245824.0
6230016.0
5722112.0
7024640.0
6402048.0
6223872.0
6051840.0
4843520.0
3964928.0
2058240.0
2000896.0
4143104.0
7577600.0
8202240.0
7239680.0
6141952.0
4816896.0
5537792.0
8622080.0
6920192.0
8097792.0
9771008.0
8450048.0
8583168.0
7960576.0
6881280.0
6279168.0
6434816.0
7712768.0
9222144.0
8525824.0
7751680.0
1.02912E7
9373696.0
9779200.0
1.0360832E7
9213952.0
9076736.0
1.0145792E7
1.0729472E7
1.0145792E7
9160704.0
8841216.0
9525248.0
7905280.0
6887424.0
7620608.0
6502400.0
6508544.0
9738240.0
1.024E7
1.0473472E7
8601600.0
7387136.0
8957952.0
9506816.0
9125888.0
9259008.0
8427520.0
9506816.0
7999488.0
6060032.0
6514688.0
6012928.0
5826560.0
7401472.0
7067648.0
7041024.0
7419904.0
6940672.0
4280320.0
4020224.0
6109184.0
4982784.0
4526080.0
4970496.0
5863424.0
5419008.0
5466112.0
5017600.0
4751360.0
4591616.0
4974592.0
3119104.0
2398208.0
6445056.0
5853184.0
5580800.0
3360768.0
1705984.0
3131392.0
3690496.0
4261888.0
4810752.0
5171200.0
7305216.0
9349120.0
1.143808E7
1.0248192E7
8099840.0
7806976.0
7487488.0
7151616.0
7794688.0
8460288.0
7397376.0
6293504.0
3770368.0
6924288.0
7565312.0
4499456.0
4399104.0
4605952.0
4614144.0
5576704.0
3665920.0
2369536.0
4128768.0
6490112.0
4628480.0
4464640.0
4622336.0
5744640.0
5838848.0
6014976.0
6666240.0
6262784.0
6336512.0
6121472.0
5871616.0
5758976.0
5984256.0
4737024.0
4653056.0
4673536.0
7618560.0
7327744.0
5318656.0
4327424.0
5775360.0
6352896.0
5289984.0
5224448.0
3356672.0
3160064.0
4573184.0
5249024.0
3336192.0
4900864.0
6158336.0
9187328.0
1.0815488E7
7565312.0
6975488.0
6983680.0
9879552.0
9834496.0
7747584.0
6483968.0
5646336.0
5029888.0
6119424.0
7233536.0
6690816.0
8349696.0
8075264.0
5994496.0
5128192.0
3514368.0
3117056.0
2904064.0
5404672.0
5892096.0
5271552.0
4634624.0
6178816.0
7866368.0
8753152.0
8466432.0
7909376.0
7184384.0
7041024.0
8376320.0
7817216.0
7264256.0
5193728.0
4653056.0
4214784.0
5027840.0
6027264.0
7059456.0
7557120.0
7911424.0
6619136.0
4313088.0
3950592.0
4489216.0
3772416.0
7585792.0
8187904.0
6334464.0
5457920.0
4663296.0
4648960.0
3653632.0
4018176.0
5597184.0
6606848.0
5025792.0
3792896.0
2285568.0
1560576.0
3387392.0
6381568.0
7993344.0
6326272.0
3305472.0
2213888.0
1267712.0
-229376.0
-1327104.0
399360.0
3606528.0
5492736.0
3225600.0
3956736.0
4306944.0
5457920.0
4896768.0
4022272.0
5134336.0
6033408.0
7084032.0
5507072.0
4743168.0
4249600.0
4435968.0
2396160.0
997376.0
1112064.0
1927168.0
2435072.0
4057088.0
4968448.0
6129664.0
6676480.0
6004736.0
3954688.0
4292608.0
4190208.0
2973696.0
1730560.0
2021376.0
3500032.0
2674688.0
4640768.0
5783552.0
4112384.0
2598912.0
1603584.0
2072576.0
681984.0
-966656.0
-159744.0
2723840.0
3676160.0
5326848.0
6836224.0
5298176.0
4431872.0
4890624.0
4413440.0
4110336.0
4499456.0
2775040.0
2891776.0
3201024.0
3655680.0
3573760.0
5507072.0
4222976.0
888832.0
190464.0
1847296.0
1712128.0
2369536.0
2641920.0
3438592.0
4521984.0
3241984.0
2230272.0
3500032.0
4521984.0
6535168.0
5861376.0
3430400.0
2064384.0
2220032.0
2584576.0
587776.0
606208.0
-61440.0
868352.0
1900544.0
2398208.0
3713024.0
5885952.0
5588992.0
4995072.0
3151872.0
2613248.0
1892352.0
1081344.0
1611776.0
1263616.0
950272.0
1988608.0
2887680.0
2981888.0
1382400.0
-1042432.0
-1200128.0
-1579008.0
-225280.0
1259520.0
2627584.0
5017600.0
4450304.0
2510848.0
2768896.0
2263040.0
1406976.0
2527232.0
1085440.0
1718272.0
2373632.0
2633728.0
1511424.0
2234368.0
4460544.0
1282048.0
1669120.0
4005888.0
4792320.0
2443264.0
2142208.0
3938304.0
2408448.0
4032512.0
5410816.0
4063232.0
1658880.0
2123776.0
3749888.0
4691968.0
6021120.0
4818944.0
4454400.0
1474560.0
1062912.0
657408.0
-112640.0
317440.0
-131072.0
833536.0
976896.0
1941504.0
1908736.0
-710656.0
-1409024.0
2109440.0
2410496.0
-1884160.0
-2066432.0
-1787904.0
-2285568.0
-1484800.0
-583680.0
-681984.0
-235520.0
1001472.0
1161216.0
868352.0
-890880.0
-542720.0
-491520.0
-1341440.0
-3522560.0
-3649536.0
40960.0
1413120.0
1355776.0
608256.0
-892928.0
-1308672.0
-1398784.0
686080.0
1802240.0
1863680.0
3637248.0
3835904.0
2627584.0
1974272.0
3756032.0
4542464.0
2938880.0
2508800.0
1701888.0
1468416.0
2752512.0
2770944.0
1957888.0
-966656.0
-2203648.0
-1417216.0
-1132544.0
1787904.0
3289088.0
811008.0
2738176.0
1859584.0
520192.0
1212416.0
1517568.0
2826240.0
1484800.0
2310144.0
1871872.0
481280.0
-2721792.0
-1953792.0
-718848.0
-1538048.0
-1449984.0
-2881536.0
-1028096.0
81920.0
-460800.0
751616.0
1183744.0
108544.0
1576960.0
1603584.0
1804288.0
3459072.0
1073152.0
-1894400.0
-3244032.0
-1239040.0
143360.0
-993280.0
-649216.0
-378880.0
585728.0
-69632.0
-1015808.0
-258048.0
450560.0
172032.0
-1835008.0
-444416.0
1208320.0
458752.0
-964608.0
-1964032.0
176128.0
-20480.0
-983040.0
1001472.0
1558528.0
2762752.0
2945024.0
1310720.0
550912.0
-1003520.0
-1292288.0
1058816.0
198656.0
526336.0
-14336.0
-1705984.0
-913408.0
-1247232.0
-2277376.0
-2361344.0
690176.0
-79872.0
-2822144.0
-1781760.0
-1972224.0
-3330048.0
-3037184.0
-2074624.0
-1943552.0
-2428928.0
-2152448.0
-1937408.0
-970752.0
-235520.0
167936.0
-954368.0
-1708032.0
-198656.0
16384.0
-2619392.0
-2002944.0
-1337344.0
-1468416.0
-2328576.0
172032.0
348160.0
-3207168.0
-2619392.0
-3332096.0
-4608000.0
-3688448.0
-2390016.0
-1638400.0
-804864.0
-3043328.0
-4694016.0
-4401152.0
-3633152.0
-2031616.0
-864256.0
-5265408.0
-5541888.0
-3272704.0
-4728832.0
-2586624.0
-2101248.0
-3092480.0
-2887680.0
-884736.0
845824.0
659456.0
-1296384.0
-2172928.0
-1398784.0
-3250176.0
-1486848.0
-2017280.0
-2101248.0
-1949696.0
-3854336.0
-4507648.0
-3690496.0
-2875392.0
-3315712.0
-3360768.0
-2193408.0
-3158016.0
-4599808.0
-4995072.0
-5408768.0
-2934784.0
-1265664.0
-1804288.0
-3256320.0
-2387968.0
-2963456.0
-2725888.0
-3719168.0
-5154816.0
-5165056.0
-4704256.0
-1611776.0
-1054720.0
-2179072.0
-2250752.0
-3446784.0
-4825088.0
-4528128.0
-5017600.0
-5181440.0
-3024896.0
-3014656.0
-3278848.0
-3495936.0
-3500032.0
-3051520.0
-4372480.0
-4411392.0
-2082816.0
-1908736.0
-3035136.0
-4888576.0
-4536320.0
-3729408.0
-2347008.0
-1339392.0
-1232896.0
-1576960.0
-2600960.0
-3141632.0
-3092480.0
-3225600.0
-5062656.0
-2766848.0
-2054144.0
-3831808.0
-5019648.0
-4249600.0
-4233216.0
-4184064.0
-4685824.0
-5851136.0
-4134912.0
-2541568.0
-2928640.0
-5517312.0
-3872768.0
-1687552.0
-1488896.0
-710656.0
-1693696.0
-1376256.0
-2889728.0
-3596288.0
-2871296.0
-1988608.0
-5027840.0
-6600704.0
-5064704.0
-3743744.0
-3389440.0
-4798464.0
-5193728.0
-3686400.0
-2514944.0
-3725312.0
-6424576.0
-8146944.0
-5224448.0
-4438016.0
-4300800.0
-4030464.0
-4222976.0
-4548608.0
-5101568.0
-4339712.0
-4564992.0
-2969600.0
-1255424.0
-3735552.0
-3069952.0
-1466368.0
-2740224.0
-5371904.0
-4247552.0
-3698688.0
-4392960.0
-4020224.0
-4257792.0
-4591616.0
-5267456.0
-4798464.0
-4743168.0
-3969024.0
-5214208.0
-5675008.0
-6531072.0
-7964672.0
-6473728.0
-7583744.0
-6838272.0
-6432768.0
-6533120.0
-4446208.0
-4810752.0
-7626752.0
-7432192.0
-5484544.0
-5074944.0
-4993024.0
-5777408.0
-4657152.0
-2742272.0
-4614144.0
-6733824.0
-6600704.0
-5244928.0
-3672064.0
-4700160.0
-6825984.0
-7479296.0
-6017024.0
-5828608.0
-5912576.0
-5306368.0
-3627008.0
-4861952.0
-4534272.0
-5019648.0
-6187008.0
-8300544.0
-7227392.0
-4503552.0
-5343232.0
-7413760.0
-8734720.0
-7565312.0
-6977536.0
-7485440.0
-8538112.0
-6359040.0
-6262784.0
-6287360.0
-6080512.0
-6504448.0
-4947968.0
-4556800.0
-5476352.0
-5310464.0
-5253120.0
-5406720.0
-6989824.0
-7170048.0
-6981632.0
-6133760.0
-5769216.0
-6615040.0
-6873088.0
-8173568.0
-8058880.0
-6934528.0
-5818368.0
-5287936.0
-2805760.0
-3708928.0
-6027264.0
-5072896.0
-5830656.0
-5349376.0
-5705728.0
-3461120.0
-1748992.0
-3846144.0
-5867520.0
-6383616.0
-4689920.0
-3801088.0
-3268608.0
-4849664.0
-7960576.0
-9115648.0
-7811072.0
-7432192.0
-7299072.0
-4521984.0
-4487168.0
-7018496.0
-6117376.0
-6166528.0
-6440960.0
-9070592.0
-1.1087872E7
-1.017856E7
-1.0162176E7
-6606848.0
-6172672.0
-7895040.0
-8185856.0
-6756352.0
-5105664.0
-4061184.0
-4124672.0
-5658624.0
-6486016.0
-5830656.0
-3661824.0
-4935680.0
-4163584.0
-5128192.0
-6033408.0
-5963776.0
-7942144.0
-9138176.0
-1.1087872E7
-8366080.0
-6662144.0
-6113280.0
-6359040.0
-8439808.0
-9574400.0
-8890368.0
-5701632.0
-6504448.0
-9183232.0
-7780352.0
-6596608.0
-7659520.0
-7897088.0
-9906176.0
-1.1278336E7
-1.0469376E7
-8163328.0
-9072640.0
-1.1177984E7
-1.3225984E7
-1.2701696E7
-1.1737088E7
-1.1319296E7
-9431040.0
-1.1728896E7
-1.2191744E7
-9928704.0
-7587840.0
-8171520.0
-9527296.0
-8783872.0
-7010304.0
-6793216.0
-8448000.0
-8318976.0
-8173568.0
-1.0774528E7
-1.0244096E7
-9873408.0
-1.0958848E7
-9633792.0
-8325120.0
-9310208.0
-8781824.0
-8955904.0
-7006208.0
-5804032.0
-8890368.0
-9820160.0
-1.1122688E7
-9885696.0
-7163904.0
-7387136.0
-8622080.0
-1.0317824E7
-9996288.0
-6567936.0
-5935104.0
-6006784.0
-7565312.0
-7409664.0
-7258112.0
-7579648.0
-7510016.0
-5494784.0
-6764544.0
-8996864.0
-9580544.0
-9805824.0
-9398272.0
-9629696.0
-8849408.0
-8744960.0
-9904128.0
-1.110016E7
-9838592.0
-9433088.0
-1.01376E7
-1.0799104E7
-1.0364928E7
-9752576.0
-1.089536E7
-1.3529088E7
-1.2773376E7
-1.159168E7
-1.0287104E7
-1.1276288E7
-1.0502144E7
-9943040.0
-1.0612736E7
-1.2392448E7
-1.1579392E7
-9191424.0
-1.0162176E7
-1.2408832E7
-1.1382784E7
-1.0233856E7
-1.0459136E7
-9975808.0
-1.0070016E7
-9740288.0
-1.012736E7
-8368128.0
-6340608.0
-7208960.0
-9025536.0
-8128512.0
-9244672.0
-9654272.0
-1.0334208E7
-9965568.0
-9914368.0
-1.03424E7
-1.067008E7
-1.1587584E7
-1.0436608E7
-8654848.0
-8073216.0
-8747008.0
-1.0901504E7
-9539584.0
-8454144.0
-9310208.0
-6150144.0
-5271552.0
-8357888.0
-8067072.0
-6795264.0
-5906432.0
-4280320.0
-6342656.0
-8499200.0
-8450048.0
-9082880.0
-8980480.0
-7432192.0
-5935104.0
-5795840.0
-8859648.0
-9428992.0
-9654272.0
-1.2259328E7
-1.1626496E7
-1.0309632E7
-1.079296E7
-1.103872E7
-1.0620928E7
-1.0033152E7
-1.0743808E7
-9848832.0
-9187328.0
-9838592.0
-8386560.0
-8583168.0
-8812544.0
-7495680.0
-7542784.0
-9697280.0
-9443328.0
-8361984.0
-9046016.0
-1.035264E7
-1.0364928E7
-1.0020864E7
-1.14176E7
-1.2439552E7
-1.0676224E7
-7860224.0
-8062976.0
-7274496.0
-8693760.0
-1.0180608E7
-1.0811392E7
-1.13664E7
-1.0846208E7
-1.156096E7
-1.1313152E7
-1.1905024E7
-1.211392E7
-1.241088E7
-1.2122112E7
-1.1761664E7
-1.1354112E7
-1.2730368E7
-1.4770176E7
-1.1053056E7
-9383936.0
-1.0088448E7
-1.1956224E7
-1.1575296E7
-1.1190272E7
-1.2038144E7
-1.0641408E7
-8693760.0
-1.004544E7
-1.206272E7
-1.1794432E7
-9824256.0
-8599552.0
-8710144.0
-9695232.0
-1.1204608E7
-9803776.0
-8163328.0
-1.091584E7
-1.1927552E7
-1.0594304E7
-1.1548672E7
-9306112.0
-9039872.0
-1.0698752E7
-1.1411456E7
-1.0870784E7
-1.0770432E7
-1.123328E7
-9611264.0
-8687616.0
-1.0897408E7
-1.0878976E7
-1.0825728E7
-1.317888E7
-1.526784E7
-1.503232E7
-1.5310848E7
-1.4041088E7
-1.226752E7
-1.2304384E7
-1.2310528E7
-1.1853824E7
-1.1761664E7
-1.221632E7
-1.2398592E7
-1.2517376E7
-1.0338304E7
-8945664.0
-1.1454464E7
-1.120256E7
-1.1081728E7
-1.0358784E7
-1.0795008E7
-1.12128E7
-1.1177984E7
-1.2376064E7
-1.3340672E7
-1.5570944E7
-1.3850624E7
-1.492992E7
-1.411072E7
-1.2251136E7
-1.1767808E7
-1.3950976E7
-1.51552E7
-1.3713408E7
-1.3551616E7
-1.4108672E7
-1.4321664E7
-1.3344768E7
-1.2931072E7
-1.3809664E7
-1.1945984E7
-1.1737088E7
-1.1020288E7
-1.0377216E7
-9730048.0
-9392128.0
-1.0565632E7
-9150464.0
-8271872.0
-8007680.0
-9449472.0
-9281536.0
-1.0897408E7
-1.1753472E7
-1.25952E7
-1.176576E7
-9912320.0
-1.0752E7
-1.284096E7
-1.1257856E7
-1.1524096E7
-1.2587008E7
-1.2136448E7
-1.3979648E7
-1.2597248E7
-1.2699648E7
-1.5204352E7
-1.5384576E7
-1.3737984E7
-1.2070912E7
-1.1886592E7
-1.2046336E7
-1.1606016E7
-1.0784768E7
-9383936.0
-1.1372544E7
-1.286144E7
-1.2781568E7
-1.312768E7
-1.2599296E7
-1.251328E7
-1.3365248E7
-1.2771328E7
-1.3367296E7
-1.257472E7
-1.1778048E7
-1.206272E7
-1.4084096E7
-1.3760512E7
-1.1317248E7
-1.1689984E7
-1.261568E7
-1.0887168E7
-9672704.0
-1.2611584E7
-1.1927552E7
-9426944.0
-1.0811392E7
-1.1286528E7
-1.117184E7
-1.379328E7
-1.3172736E7
-1.1032576E7
-1.2675072E7
-1.368064E7
-1.2163072E7
-1.3391872E7
-1.1874304E7
-1.1220992E7
-1.0643456E7
-1.0954752E7
-1.1669504E7
-1.1188224E7
-1.4409728E7
-1.4667776E7
-1.4116864E7
-1.6185344E7
-1.5405056E7
-1.521664E7
-1.528832E7
-1.339392E7
-1.4139392E7
-1.2978176E7
-1.3991936E7
-1.4671872E7
-1.4321664E7
-1.5417344E7
-1.473536E7
-1.4020608E7
-1.265664E7
-1.2558336E7
-1.3187072E7
-1.3871104E7
-1.2662784E7
-1.3201408E7
-1.5067136E7
-1.2638208E7
-1.225728E7
-1.5525888E7
-1.54112E7
-1.4247936E7
-1.4538752E7
-1.7145856E7
-1.7276928E7
-1.6007168E7
-1.4432256E7
-1.3119488E7
-1.5147008E7
-1.5671296E7
-1.5532032E7
-1.5785984E7
-1.5521792E7
-1.4159872E7
-1.1993088E7
-1.4329856E7
-1.5130624E7
-1.2611584E7
-1.221632E7
-1.2122112E7
-1.217536E7
-1.4354432E7
-1.4954496E7
-1.3094912E7
-1.40288E7
-1.3606912E7
-1.3901824E7
-1.5847424E7
-1.649664E7
-1.5171584E7
-1.3447168E7
-1.2091392E7
-1.4338048E7
-1.3012992E7
-1.3563904E7
-1.57696E7
-1.5065088E7
-1.4575616E7
-1.4055424E7
-1.384448E7
-1.2906496E7
-1.32096E7
-1.3565952E7
-1.246208E7
-1.0579968E7
-1.2611584E7
-1.5296512E7
-1.6498688E7
-1.6930816E7
-1.7788928E7
-1.701888E7
-1.6310272E7
-1.73056E7
-1.5233024E7
-1.4086144E7
-1.308672E7
-1.26976E7
-1.1927552E7
-1.366016E7
-1.539072E7
-1.4893056E7
-1.5376384E7
-1.2621824E7
-9908224.0
-1.1169792E7
-1.1454464E7
-1.1401216E7
-1.2652544E7
-1.114112E7
-1.1599872E7
-1.3242368E7
-1.3492224E7
-1.4690304E7
-1.6754688E7
-1.5366144E7
-1.5017984E7
-1.5255552E7
-1.4221312E7
-1.4635008E7
-1.5220736E7
-1.5915008E7
-1.8030592E7
-1.6105472E7
-1.6822272E7
-1.7563648E7
-1.5323136E7
-1.4577664E7
-1.321984E7
-1.2077056E7
-1.1841536E7
-1.2238848E7
-1.2967936E7
-1.0622976E7
-6924288.0
-8663040.0
-1.2836864E7
-1.4020608E7
-1.39264E7
-1.4051328E7
-1.0049536E7
-8607744.0
-1.0356736E7
-1.07008E7
-1.2259328E7
-1.3787136E7
-1.4964736E7
-1.2920832E7
-1.2619776E7
-1.2003328E7
-1.073152E7
-1.3053952E7
-1.4647296E7
-1.7913856E7
-1.907712E7
-1.8110464E7
-1.732608E7
-1.6646144E7
-1.409024E7
-1.1485184E7
-1.2351488E7
-1.3326336E7
-1.4968832E7
-1.5804416E7
-1.501184E7
-1.559552E7
-1.3447168E7
-1.375232E7
-1.3336576E7
-1.4047232E7
-1.5732736E7
-1.442816E7
-1.3289472E7
-1.4053376E7
-1.514496E7
-1.5896576E7
-1.5415296E7
-1.7053696E7
-1.6965632E7
-1.490944E7
-1.3357056E7
-1.0907648E7
-1.1687936E7
-1.3756416E7
-1.4669824E7
-1.6252928E7
-1.6556032E7
-1.3836288E7
-1.4344192E7
-1.2732416E7
-1.2701696E7
-1.4764032E7
-1.3971456E7
-1.2593152E7
-1.5177728E7
-1.5153152E7
-1.3682688E7
-1.5849472E7
-1.73056E7
-1.5392768E7
-1.1460608E7
-9861120.0
-1.0514432E7
-1.0747904E7
-1.0708992E7
-1.2249088E7
-1.3191168E7
-1.2937216E7
-1.232896E7
-1.2081152E7
-1.2591104E7
-1.3430784E7
-1.2818432E7
-1.2075008E7
-1.0960896E7
-1.1655168E7
-1.43872E7
-1.3651968E7
-1.2212224E7
-1.3078528E7
-1.2648448E7
-1.3023232E7
-1.511424E7
-1.5478784E7
-1.4626816E7
-1.577984E7
-1.4444544E7
-1.21344E7
-1.1657216E7
-1.1053056E7
-1.1481088E7
-1.1464704E7
-1.2324864E7
-1.0848256E7
-9525248.0
-8689664.0
-1.1145216E7
-1.2660736E7
-1.3012992E7
-1.3330432E7
-1.3008896E7
-1.2716032E7
-1.3395968E7
-1.486848E7
-1.2314624E7
-1.11616E7
-1.3160448E7
-1.4393344E7
-1.3871104E7
-1.3754368E7
-1.2660736E7
-1.1771904E7
-1.0682368E7
-1.0655744E7
-1.0483712E7
-1.0070016E7
-1.0917888E7
-9740288.0
-8376320.0
-9768960.0
-8556544.0
-7964672.0
-7229440.0
-6789120.0
-1.0295296E7
-1.2255232E7
-1.1532288E7
-9943040.0
-8007680.0
-7686144.0
-1.0248192E7
-1.0981376E7
-1.0627072E7
-1.032192E7
-1.173504E7
-1.1360256E7
-9496576.0
-8427520.0
-8542208.0
-1.035264E7
-1.0213376E7
-1.0295296E7
-1.1962368E7
-1.248256E7
-1.1216896E7
-1.0739712E7
-1.0881024E7
-9684992.0
-7094272.0
-6176768.0
-8380416.0
-1.102848E7
-1.0303488E7
-9861120.0
-1.0018816E7
-1.2345344E7
-1.3111296E7
-1.1319296E7
-1.1851776E7
-1.3088768E7
-1.3549568E7
-1.3172736E7
-1.1730944E7
-1.1503616E7
-1.4379008E7
-1.4286848E7
-1.345536E7
-1.1259904E7
-8359936.0
-9744384.0
-1.0108928E7
-9689088.0
-1.0166272E7
-1.0297344E7
-1.1778048E7
-1.2040192E7
-1.0899456E7
-1.0973184E7
-9832448.0
-7667712.0
-9254912.0
-1.0784768E7
-1.093632E7
-1.120256E7
-1.1266048E7
-1.0860544E7
-1.15712E7
-1.2343296E7
-1.0356736E7
-1.2879872E7
-1.444864E7
-1.2423168E7
-1.079296E7
-1.369088E7
-1.301504E7
-1.0487808E7
-9441280.0
-6623232.0
-8122368.0
-1.0592256E7
-1.1634688E7
-1.170432E7
-1.1208704E7
-8910848.0
-8564736.0
-9451520.0
-8394752.0
-8122368.0
-1.0272768E7
-1.1026432E7
-1.0420224E7
-1.0151936E7
-1.2322816E7
-1.232896E7
-1.1587584E7
-1.2156928E7
-1.2853248E7
-8067072.0
-8441856.0
-9791488.0
-9152512.0
-9746432.0
-9629696.0
-1.0582016E7
-9510912.0
-8273920.0
-9756672.0
-1.243136E7
-1.3580288E7
-1.3838336E7
-1.2466176E7
-1.0770432E7
-8681472.0
-1.153024E7
-1.0586112E7
-9064448.0
-8955904.0
-7725056.0
-8288256.0
-8423424.0
-7331840.0
-7276544.0
-6891520.0
-6590464.0
-7065600.0
-7847936.0
-8001536.0
-8118272.0
-8820736.0
-1.0067968E7
-9093120.0
-6922240.0
-8800256.0
-8951808.0
-1.0602496E7
-1.2744704E7
-1.0457088E7
-7581696.0
-8357888.0
-9930752.0
-1.03424E7
-9852928.0
-9385984.0
-1.0766336E7
-9494528.0
-1.0395648E7
-1.0160128E7
-1.020928E7
-1.1669504E7
-9908224.0
-7677952.0
-7211008.0
-6602752.0
-6252544.0
-5601280.0
-7059456.0
-7839744.0
-8226816.0
-6905856.0
-5177344.0
-6457344.0
-8316928.0
-8112128.0
-7419904.0
-5969920.0
-5277696.0
-7450624.0
-6121472.0
-7176192.0
-7905280.0
-7256064.0
-6363136.0
-4661248.0
-7374848.0
-7430144.0
-5369856.0
-7579648.0
-6660096.0
-6787072.0
-5226496.0
-3690496.0
-3514368.0
-2762752.0
-3375104.0
-3211264.0
-3426304.0
-5744640.0
-6561792.0
-4976640.0
-3942400.0
-5898240.0
-3364864.0
-1546240.0
-2373632.0
-4526080.0
-5109760.0
-3155968.0
-3188736.0
-4458496.0
-3201024.0
-4841472.0
-8493056.0
-7264256.0
-4583424.0
-3352576.0
-3483648.0
-4872192.0
-6690816.0
-5808128.0
-4855808.0
-4306944.0
-4925440.0
-2578432.0
-413696.0
-1251328.0
-2199552.0
-2820096.0
-2889728.0
-638976.0
-114688.0
-970752.0
-1753088.0
-2803712.0
-4347904.0
-3989504.0
-2732032.0
-2334720.0
-3723264.0
-3995648.0
-3389440.0
-2467840.0
-2080768.0
-2041856.0
-1902592.0
-1161216.0
-1490944.0
-3606528.0
-3385344.0
-1972224.0
-4204544.0
-5513216.0
-3713024.0
-2097152.0
-1933312.0
-1193984.0
-583680.0
-215040.0
43008.0
-1212416.0
-1775616.0
-1087488.0
-1513472.0
-1286144.0
-186368.0
-622592.0
382976.0
1536000.0
186368.0
-3051520.0
-4988928.0
-3653632.0
-3121152.0
-3432448.0
-3227648.0
-4745216.0
-4491264.0
-2320384.0
-1673216.0
-1224704.0
-1474560.0
-2926592.0
-3332096.0
-1843200.0
-481280.0
-1220608.0
-1878016.0
-1798144.0
139264.0
569344.0
-346112.0
-3416064.0
-1640448.0
57344.0
-739328.0
-274432.0
956416.0
-454656.0
-2234368.0
-122880.0
577536.0
-2383872.0
-3364864.0
-2322432.0
-327680.0
2066432.0
1847296.0
1708032.0
2293760.0
4196352.0
3991552.0
1605632.0
1335296.0
825344.0
585728.0
1146880.0
2353152.0
3217408.0
3383296.0
4231168.0
1869824.0
1501184.0
3074048.0
3536896.0
3084288.0
2338816.0
3958784.0
3876864.0
4220928.0
6035456.0
6313984.0
5873664.0
6912000.0
5173248.0
2131968.0
1521664.0
1196032.0
3713024.0
3205120.0
4186112.0
5562368.0
5308416.0
3356672.0
2562048.0
3530752.0
3342336.0
5058560.0
5001216.0
4202496.0
3706880.0
4395008.0
6733824.0
5902336.0
3422208.0
2136064.0
614400.0
784384.0
2846720.0
2430976.0
2865152.0
3082240.0
2361344.0
3528704.0
4581376.0
5437440.0
4589568.0
3201024.0
4448256.0
4892672.0
6109184.0
6100992.0
7280640.0
6000640.0
2576384.0
2019328.0
3581952.0
3678208.0
5072896.0
4812800.0
4888576.0
4907008.0
2676736.0
3651584.0
3086336.0
3665920.0
4448256.0
4290560.0
3428352.0
3745792.0
4839424.0
7434240.0
7165952.0
8142848.0
6899712.0
6844416.0
5713920.0
4175872.0
7194624.0
8404992.0
5933056.0
5255168.0
7194624.0
7387136.0
5136384.0
4894720.0
5466112.0
5947392.0
8679424.0
9105408.0
8302592.0
7342080.0
6805504.0
4163584.0
2859008.0
4472832.0
5277696.0
5660672.0
7618560.0
9455616.0
9553920.0
7739392.0
6825984.0
1.0534912E7
9191424.0
8843264.0
9048064.0
6629376.0
5382144.0
4534272.0
5527552.0
6905856.0
7915520.0
9035776.0
1.011712E7
8828928.0
8560640.0
8894464.0
9674752.0
1.1157504E7
1.3191168E7
1.1370496E7
8638464.0
1.0387456E7
1.2089344E7
1.2337152E7
1.1945984E7
1.3643776E7
1.321984E7
1.0119168E7
1.030144E7
1.155072E7
1.226752E7
1.0579968E7
1.011712E7
9654272.0
8904704.0
1.0305536E7
1.2138496E7
1.2034048E7
1.2556288E7
1.258496E7
1.3975552E7
1.2128256E7
9463808.0
1.0924032E7
1.2230656E7
1.3176832E7
1.2437504E7
1.3152256E7
1.3459456E7
1.243136E7
1.3258752E7
1.2326912E7
1.2279808E7
1.2670976E7
1.3922304E7
1.3410304E7
1.2361728E7
1.1606016E7
1.3119488E7
1.404928E7
1.6236544E7
1.7606656E7
1.5951872E7
1.5009792E7
1.4792704E7
1.2873728E7
1.083392E7
1.3443072E7
1.5546368E7
1.8085888E7
1.727488E7
1.3037568E7
1.2664832E7
1.5593472E7
1.6293888E7
1.6607232E7
1.4862336E7
1.5960064E7
1.5251456E7
1.4045184E7
1.388544E7
1.457152E7
1.4952448E7
1.774592E7
1.8579456E7
1.7344512E7
1.6744448E7
1.769472E7
1.8378752E7
1.8866176E7
1.6482304E7
1.4968832E7
1.590272E7
1.701888E7
1.9093504E7
1.8761728E7
1.7020928E7
1.8126848E7
1.8434048E7
1.5058944E7
1.3787136E7
1.2363776E7
1.3121536E7
1.4589952E7
1.4524416E7
1.4313472E7
1.5611904E7
1.8085888E7
1.9826688E7
1.8909184E7
1.9388416E7
1.8735104E7
1.9310592E7
1.9458048E7
1.731584E7
1.820672E7
1.7627136E7
1.6023552E7
1.6621568E7
1.7934336E7
1.8696192E7
1.949696E7
1.9488768E7
1.9703808E7
1.923072E7
1.8343936E7
1.9359744E7
1.9154944E7
1.6994304E7
1.7813504E7
1.876992E7
1.789952E7
1.8604032E7
1.7543168E7
1.6492544E7
1.6934912E7
1.6539648E7
1.5235072E7
1.7102848E7
1.5960064E7
1.631232E7
1.7405952E7
1.6461824E7
1.6697344E7
1.869824E7
1.8569216E7
1.731584E7
1.774592E7
1.8583552E7
1.7670144E7
1.6805888E7
1.6510976E7
1.708032E7
1.831936E7
2.0250624E7
1.9654656E7
1.8233344E7
1.8704384E7
1.9152896E7
1.8358272E7
1.881088E7
2.0498432E7
1.8427904E7
1.672192E7
1.9038208E7
1.8878464E7
1.7217536E7
1.8710528E7
2.0062208E7
1.8735104E7
1.819648E7
2.2308864E7
2.2427648E7
2.229248E7
2.0938752E7
2.0473856E7
2.0875264E7
2.0178944E7
2.0815872E7
2.1733376E7
2.2294528E7
2.060288E7
2.0004864E7
2.0875264E7
2.2474752E7
2.182144E7
1.9908608E7
2.117632E7
2.0320256E7
2.013184E7
1.9398656E7
2.1508096E7
2.1059584E7
2.2329344E7
2.4541184E7
2.5044992E7
2.4131584E7
2.2982656E7
2.1839872E7
2.2452224E7
2.281472E7
2.1716992E7
2.310144E7
2.6497024E7
2.8618752E7
2.6007552E7
2.3031808E7
2.3230464E7
2.469888E7
2.4121344E7
2.292736E7
2.2534144E7
2.434048E7
2.4518656E7
2.3621632E7
2.3384064E7
2.555904E7
2.4948736E7
2.3638016E7
2.589696E7
2.4948736E7
2.3988224E7
2.5106432E7
2.4395776E7
2.3855104E7
2.4223744E7
2.520064E7
2.5317376E7
2.5942016E7
2.3504896E7
2.3564288E7
2.4322048E7
2.505728E7
2.3801856E7
2.3379968E7
2.3851008E7
2.537472E7
2.5114624E7
2.3740416E7
2.438144E7
2.6103808E7
2.6177536E7
2.5675776E7
2.65728E7
2.5536512E7
2.5606144E7
2.6322944E7
2.6482688E7
2.7533312E7
2.8809216E7
2.6857472E7
2.5761792E7
2.5909248E7
2.419712E7
2.373632E7
2.5491456E7
2.6925056E7
2.6468352E7
2.7480064E7
2.6568704E7
2.7174912E7
2.7441152E7
2.5409536E7
2.53952E7
2.458624E7
2.4199168E7
2.4987648E7
2.6181632E7
2.4567808E7
2.4676352E7
2.4506368E7
2.6212352E7
2.756608E7
2.671616E7
2.7693056E7
2.8688384E7
2.5729024E7
2.3386112E7
2.1542912E7
2.4223744E7
2.696192E7
2.8096512E7
3.0595072E7
2.9171712E7
3.078144E7
2.944E7
2.6662912E7
2.9161472E7
2.8411904E7
2.8915712E7
2.90304E7
2.9548544E7
2.9612032E7
2.834432E7
2.9728768E7
3.0359552E7
2.9054976E7
2.919424E7
3.104768E7
3.0040064E7
2.8950528E7
2.7652096E7
2.7516928E7
2.9093888E7
3.1217664E7
3.4543616E7
3.580928E7
3.3353728E7
3.2114688E7
3.2315392E7
3.1158272E7
2.9341696E7
2.9278208E7
2.9638656E7
2.9906944E7
2.9523968E7
2.7942912E7
2.6834944E7
2.617344E7
2.6738688E7
2.6093568E7
2.62656E7
2.9181952E7
2.9392896E7
2.7447296E7
2.7947008E7
2.766848E7
2.7179008E7
2.6660864E7
2.633728E7
2.5675776E7
2.6535936E7
2.7875328E7
2.620416E7
2.7670528E7
2.9696E7
2.9689856E7
2.9710336E7
2.7580416E7
2.763776E7
2.946048E7
2.8442624E7
2.7099136E7
2.5923584E7
2.67264E7
2.9728768E7
2.94912E7
2.6601472E7
2.455552E7
2.4653824E7
2.6683392E7
2.628608E7
2.8698624E7
3.0470144E7
2.906112E7
2.980864E7
3.1422464E7
3.1117312E7
3.2636928E7
3.2301056E7
2.9700096E7
2.8321792E7
3.0795776E7
3.3325056E7
3.4650112E7
3.3560576E7
3.2321536E7
3.2864256E7
3.3112064E7
3.032064E7
3.00032E7
3.284992E7
3.4996224E7
3.5309568E7
3.3200128E7
3.1412224E7
2.9503488E7
3.1186944E7
3.1449088E7
3.079168E7
3.2505856E7
3.1574016E7
3.0806016E7
3.11296E7
3.1100928E7
3.3028096E7
3.4074624E7
3.51744E7
3.3685504E7
3.1291392E7
3.1531008E7
3.3529856E7
3.356672E7
3.2178176E7
3.0281728E7
3.0449664E7
3.0687232E7
3.1975424E7
3.2776192E7
3.2694272E7
3.4250752E7
3.4045952E7
3.1830016E7
3.3726464E7
3.5098624E7
3.4048E7
3.247104E7
3.2626688E7
3.2454656E7
3.0715904E7
2.998272E7
3.2350208E7
3.3142784E7
3.2458752E7
3.2673792E7
3.1813632E7
3.1197184E7
3.1598592E7
3.446784E7
3.616768E7
3.4742272E7
3.2892928E7
3.2796672E7
3.3671168E7
3.6712448E7
3.8469632E7
3.8402048E7
3.7732352E7
3.693568E7
3.6859904E7
3.5547136E7
3.3048576E7
3.3347584E7
3.56864E7
3.5577856E7
3.3892352E7
3.3665024E7
3.4318336E7
3.6227072E7
3.5500032E7
3.5328E7
3.59936E7
3.4123776E7
3.3560576E7
3.4729984E7
3.5293184E7
3.5268608E7
3.5766272E7
3.5098624E7
3.6427776E7
3.8178816E7
3.4318336E7
3.3169408E7
3.6339712E7
3.6835328E7
3.3837056E7
3.4985984E7
3.7793792E7
3.7681152E7
3.756032E7
3.844096E7
3.9077888E7
3.8842368E7
4.091904E7
4.1084928E7
3.974144E7
4.0114176E7
4.0255488E7
3.9497728E7
3.9634944E7
4.1172992E7
4.0425472E7
3.9585792E7
3.8836224E7
3.8127616E7
3.739648E7
3.7750784E7
3.838976E7
3.9256064E7
3.9202816E7
4.0546304E7
4.0773632E7
4.1740288E7
4.2180608E7
4.1279488E7
3.9616512E7
3.9909376E7
4.1607168E7
4.2463232E7
4.1775104E7
4.1560064E7
4.4228608E7
4.3374592E7
4.0484864E7
4.0695808E7
4.1551872E7
4.1705472E7
4.3565056E7
4.4148736E7
4.4304384E7
4.3849728E7
4.4670976E7
4.501504E7
4.5678592E7
4.5551616E7
4.7187968E7
4.8033792E7
4.717568E7
4.5357056E7
4.586496E7
4.5070336E7
4.3741184E7
4.547584E7
4.6239744E7
4.5078528E7
4.4951552E7
4.5400064E7
4.71552E7
4.5463552E7
4.4556288E7
4.6608384E7
4.8648192E7
5.03296E7
5.0989056E7
4.8777216E7
4.8777216E7
4.9297408E7
4.9854464E7
5.0413568E7
5.1472384E7
5.2721664E7
5.3983232E7
5.415936E7
5.1140608E7
4.9508352E7
4.6938112E7
4.676608E7
5.132288E7
5.1924992E7
5.0325504E7
5.187584E7
5.16608E7
5.1083264E7
5.1048448E7
5.1378176E7
5.2221952E7
5.2559872E7
5.0030592E7
5.0747392E7
5.0132992E7
5.301248E7
5.4818816E7
5.210112E7
5.0997248E7
5.310464E7
5.4951936E7
5.5304192E7
5.4790144E7
5.610496E7
5.4581248E7
5.2750336E7
5.2932608E7
5.282816E7
5.5261184E7
5.5646208E7
5.3798912E7
5.3837824E7
5.4970368E7
5.506048E7
5.296128E7
5.2574208E7
5.4892544E7
5.8044416E7
5.6485888E7
5.6172544E7
5.5296E7
5.6109056E7
5.6459264E7
5.7153536E7
5.97504E7
5.8343424E7
5.7153536E7
5.6383488E7
5.7683968E7
5.8656768E7
6.0696576E7
6.06208E7
6.1765632E7
6.0391424E7
6.0551168E7
6.3748096E7
6.3752192E7
6.3336448E7
6.3500288E7
6.3502336E7
6.2175232E7
6.1452288E7
6.298624E7
6.4264192E7
6.2910464E7
6.2046208E7
6.3782912E7
6.4026624E7
6.2697472E7
6.371328E7
6.633472E7
6.4362496E7
6.5851392E7
6.7909632E7
6.8855808E7
6.7885056E7
6.6875392E7
6.7622912E7
6.8651008E7
6.7346432E7
6.6615296E7
6.838272E7
6.8573184E7
6.7893248E7
6.9464064E7
7.1571456E7
7.0211584E7
6.9451776E7
6.980608E7
7.1493632E7
7.2368128E7
7.1254016E7
6.976512E7
6.9556224E7
7.1268352E7
7.1507968E7
7.1256064E7
7.076864E7
7.1647232E7
7.1227392E7
7.0733824E7
7.133184E7
7.1675904E7
7.4440704E7
7.5311104E7
7.5829248E7
7.7002752E7
7.5757568E7
7.586816E7
7.5874304E7
7.5380736E7
7.663616E7
7.63392E7
7.7553664E7
7.880704E7
7.846912E7
8.0068608E7
8.0953344E7
8.1721344E7
8.1534976E7
8.0144384E7
7.9527936E7
7.9200256E7
7.759872E7
7.4942464E7
7.4141696E7
7.6652544E7
7.93088E7
7.9589376E7
7.866368E7
7.6582912E7
7.8102528E7
7.9972352E7
8.1405952E7
8.1154048E7
8.168448E7
7.9558656E7
8.1000448E7
8.1774592E7
8.0084992E7
7.8508032E7
7.9681536E7
8.0166912E7
8.1334272E7
8.3175424E7
8.3156992E7
8.1307648E7
8.0330752E7
8.2051072E7
8.4189184E7
8.3419136E7
8.2362368E7
8.167424E7
8.3351552E7
8.322048E7
8.240128E7
8.3755008E7
8.4672512E7
8.5479424E7
8.3099648E7
8.4865024E7
8.718336E7
8.6286336E7
8.481792E7
8.6423552E7
8.869888E7
9.0587136E7
8.8557568E7
8.8164352E7
9.029632E7
9.2891136E7
9.2602368E7
9.3130752E7
9.1441152E7
9.1449344E7
9.1928576E7
9.00608E7
8.9686016E7
9.1564032E7
9.027584E7
9.0406912E7
9.1041792E7
9.261056E7
9.4660608E7
9.500672E7
9.4298112E7
9.2311552E7
8.989696E7
9.054208E7
9.3464576E7
9.6139264E7
9.3833216E7
9.3814784E7
9.3405184E7
9.0253312E7
9.0451968E7
8.9747456E7
9.0800128E7
9.3362176E7
9.331712E7
9.289728E7
9.4789632E7
9.5008768E7
9.3454336E7
9.4232576E7
9.7849344E7
9.6841728E7
9.6976896E7
9.8650112E7
9.8516992E7
9.593856E7
9.9115008E7
1.01197824E8
1.00804608E8
1.01572608E8
1.00931584E8
1.0205184E8
1.02555648E8
1.03768064E8
1.07005952E8
1.05863168E8
1.05160704E8
1.05668608E8
1.06452992E8
1.04706048E8
1.04892416E8
1.05541632E8
1.07474944E8
1.0881024E8
1.07835392E8
1.06084352E8
1.05818112E8
1.05414656E8
1.0450944E8
1.06459136E8
1.07548672E8
1.07186176E8
1.073152E8
1.08900352E8
1.08064768E8
1.08118016E8
1.08148736E8
1.0763264E8
1.08292096E8
1.09088768E8
1.09553664E8
1.07298816E8
1.0612736E8
1.07474944E8
1.05938944E8
1.05355264E8
1.04904704E8
1.06735616E8
1.09088768E8
1.09420544E8
1.09824E8
1.09213696E8
1.0781696E8
1.07395072E8
1.06969088E8
1.0607616E8
1.06375168E8
1.0679296E8
1.07599872E8
1.08275712E8
1.09170688E8
1.1010048E8
1.1063296E8
1.1225088E8
1.127936E8
1.09764608E8
1.10770176E8
1.12633856E8
1.13887232E8
1.14006016E8
1.11056896E8
1.13461248E8
1.14489344E8
1.14096128E8
1.14120704E8
1.14937856E8
1.14710528E8
1.16199424E8
1.1669504E8
1.15427328E8
1.15456E8
1.14880512E8
1.16609024E8
1.17571584E8
1.18484992E8
1.1730944E8
1.14030592E8
1.1363328E8
1.1305984E8
1.12918528E8
1.13348608E8
1.13154048E8
1.1293696E8
1.11978496E8
1.13707008E8
1.14886656E8
1.14481152E8
1.16412416E8
1.1597824E8
1.15785728E8
1.1578368E8
1.16641792E8
1.1925504E8
1.19914496E8
1.21137152E8
1.23179008E8
1.2106752E8
1.20430592E8
1.20875008E8
1.21972736E8
1.23201536E8
1.2215296E8
1.2235776E8
1.2391424E8
1.2447744E8
1.24880896E8
1.24319744E8
1.24751872E8
1.24884992E8
1.2506112E8
1.28198656E8
1.28561152E8
1.29390592E8
1.29591296E8
1.30209792E8
1.30297856E8
1.31336192E8
1.31233792E8
1.29994752E8
1.29697792E8
1.3351936E8
1.3412352E8
1.32190208E8
1.34283264E8
1.3615104E8
1.36871936E8
1.35264256E8
1.35847936E8
1.380352E8
1.37844736E8
1.35858176E8
1.34801408E8
1.34148096E8
1.36476672E8
1.38852352E8
1.3780992E8
1.38135552E8
1.3826048E8
1.37793536E8
1.37672704E8
1.39116544E8
1.40582912E8
1.42501888E8
1.41840384E8
1.3855744E8
1.35800832E8
1.36722432E8
1.36773632E8
1.36323072E8
1.37658368E8
1.3735936E8
1.35819264E8
1.36521728E8
1.3745152E8
1.36511488E8
1.34971392E8
1.33625856E8
1.3308928E8
1.36384512E8
1.40550144E8
1.4038016E8
1.387008E8
1.39276288E8
1.40754944E8
1.4082048E8
1.4148608E8
1.43243264E8
1.43767552E8
1.4236672E8
1.43067136E8
1.44646144E8
1.45154048E8
1.45147904E8
1.4543872E8
1.4578688E8
1.47826688E8
1.4733312E8
1.480704E8
1.468928E8
1.45600512E8
1.45528832E8
1.4650368E8
1.49121024E8
1.4979072E8
1.50175744E8
1.51519232E8
1.50390784E8
1.49825536E8
1.5279104E8
1.55768832E8
1.58701568E8
1.5753216E8
1.56090368E8
1.57063168E8
1.5960064E8
1.63053568E8
1.65199872E8
1.68388608E8
1.7129472E8
1.74999552E8
1.74723072E8
1.71159552E8
1.68265728E8
1.67667712E8
1.67979008E8
1.66340608E8
1.65259264E8
1.65148672E8
1.64472832E8
1.63598336E8
1.62144256E8
1.61755136E8
1.58744576E8
1.56274688E8
1.55414528E8
1.54984448E8
1.52846336E8
1.54421248E8
1.56162048E8
1.5524864E8
1.55133952E8
1.5574016E8
1.58203904E8
1.60425984E8
1.62625536E8
1.6551936E8
1.714688E8
1.7439744E8
1.77342464E8
1.797632E8
1.80824064E8
1.8075648E8
1.82022144E8
1.84600576E8
1.85427968E8
1.86789888E8
1.88608512E8
1.87942912E8
1.86310656E8
1.85823232E8
1.88155904E8
1.88639232E8
1.8911232E8
1.895424E8
1.92008192E8
1.90937088E8
1.93458176E8
1.98475776E8
2.01791488E8
2.02307584E8
2.0421632E8
2.05135872E8
2.06718976E8
2.099712E8
2.10382848E8
2.11324928E8
2.1583872E8
2.18304512E8
2.20100608E8
2.21044736E8
2.2161408E8
2.244096E8
2.23567872E8
2.22877696E8
2.21003776E8
2.18273792E8
2.1656576E8
2.15885824E8
2.15076864E8
2.15199744E8
2.14919168E8
2.1614592E8
2.17264128E8
2.18898432E8
2.19840512E8
2.2098944E8
2.21200384E8
2.21853696E8
2.22345216E8
2.25599488E8
2.27459072E8
2.26732032E8
2.27354624E8
2.25441792E8
2.26500608E8
2.27930112E8
2.26050048E8
2.26750464E8
2.29040128E8
2.31200768E8
2.31952384E8
2.33537536E8
2.3259136E8
2.33101312E8
2.33240576E8
2.32767488E8
2.33220096E8
2.35065344E8
2.3563264E8
2.40662528E8
2.44400128E8
2.45846016E8
2.46140928E8
2.48973312E8
2.51744256E8
2.53190144E8
2.5565184E8
2.57933312E8
2.62156288E8
2.64513536E8
2.6655744E8
2.67741184E8
2.6942464E8
2.71671296E8
2.75695616E8
2.7850752E8
2.7773952E8
2.77118976E8
2.80061952E8
2.83281408E8
2.86547968E8
2.86865408E8
2.84993536E8
2.87113216E8
2.89490944E8
2.8967936E8
2.9210624E8
2.92257792E8
2.93163008E8
2.95438336E8
2.95256064E8
2.95268352E8
2.94739968E8
2.93367808E8
2.91940352E8
2.91526656E8
2.91315712E8
2.90930688E8
2.89486848E8
2.87991808E8
2.86277632E8
2.82597376E8
2.83226112E8
2.82824704E8
2.83379712E8
2.82322944E8
2.81491456E8
2.84182528E8
2.88264192E8
2.89792E8
2.90609152E8
2.90041856E8
2.9299712E8
2.96667136E8
3.02505984E8
3.09399552E8
3.17448192E8
3.25576704E8
3.34759936E8
3.43218176E8
3.48504064E8
3.5017728E8
3.51848448E8
3.54408448E8
3.55786752E8
3.57808128E8
3.60585216E8
3.59671808E8
3.59397376E8
3.62037248E8
3.62031104E8
3.64941312E8
3.66604288E8
3.65615104E8
3.64046336E8
3.67292416E8
3.70087936E8
3.71044352E8
3.75209984E8
3.8037504E8
3.79758592E8
3.80583936E8
3.83492096E8
3.85980416E8
3.85705984E8
3.87844096E8
3.9230464E8
3.9471104E8
3.9753728E8
3.99505408E8
3.99939584E8
4.0292352E8
4.04533248E8
4.06976512E8
4.0804352E8
4.05671936E8
4.06556672E8
4.09954304E8
4.11523072E8
4.15346688E8
4.17746944E8
4.1800704E8
4.20247552E8
4.25351168E8
4.26766336E8
4.25414656E8
4.27323392E8
4.3280384E8
4.3421696E8
4.37088256E8
4.40029184E8
4.41905152E8
4.45042688E8
4.48176128E8
4.50271232E8
4.53259264E8
4.5463552E8
4.5714432E8
4.60992512E8
4.63259648E8
4.66982912E8
4.7039488E8
4.72967168E8
4.75834368E8
4.80454656E8
4.83139584E8
4.86703104E8
4.89988096E8
4.93002752E8
4.94739456E8
4.97340416E8
4.99134464E8
5.01835776E8
5.04178688E8
5.05864192E8
5.0742272E8
5.09110272E8
5.10746624E8
5.1390464E8
5.17285888E8
5.20005632E8
5.20656896E8
5.21078784E8
5.23548672E8
5.26891008E8
5.28355328E8
5.3230592E8
5.36252416E8
5.39727872E8
5.42973952E8
5.45400832E8
5.47989504E8
5.52536064E8
5.5339008E8
5.56918784E8
5.61025024E8
5.63441664E8
5.68000512E8
5.70691584E8
5.7356288E8
5.7655296E8
5.79213312E8
5.82733824E8
5.853696E8
5.90798848E8
5.93522688E8
5.96502528E8
6.000128E8
6.05124608E8
6.10154496E8
6.1130752E8
6.14373376E8
6.20306432E8
6.24646144E8
6.27273728E8
6.30573056E8
6.36788736E8
6.41271808E8
6.45445632E8
6.5086464E8
6.53512704E8
6.57025024E8
6.59369984E8
6.64281088E8
6.69220864E8
6.72831488E8
6.76425728E8
6.80998912E8
6.86665728E8
6.92391936E8
6.95216128E8
6.98134528E8
7.04610304E8
7.1049216E8
7.11663616E8
7.16275712E8
7.21876992E8
7.271936E8
7.31768832E8
7.37615872E8
7.41199872E8
7.4498048E8
7.484416E8
7.52642048E8
7.57440512E8
7.60246272E8
7.62079232E8
7.6795904E8
7.69998848E8
7.74193152E8
7.78293248E8
7.82972928E8
7.89538816E8
7.93493504E8
7.95656192E8
7.98332928E8
8.02973696E8
8.07958528E8
8.11431936E8
8.15351808E8
8.17893376E8
8.21153792E8
8.27723776E8
8.340992E8
8.39876608E8
8.443904E8
8.5158912E8
8.58003456E8
8.61114368E8
8.65148928E8
8.69347328E8
8.74553344E8
8.80304128E8
8.86071296E8
8.91553792E8
8.94451712E8
8.97058816E8
9.02600704E8
9.10686208E8
9.160192E8
9.20778752E8
9.24864512E8
9.32327424E8
9.38190848E8
9.4420992E8
9.49153792E8
9.51730176E8
9.57022208E8
9.66012928E8
9.71526144E8
9.7775616E8
9.84377344E8
9.90201856E8
9.97234688E8
1.002344448E9
1.008734208E9
1.018615808E9
1.024335872E9
1.03044096E9
1.037293568E9
1.045102592E9
1.053831168E9
1.063118848E9
1.07091968E9
1.078331392E9
1.083777024E9
1.090961408E9
1.096452096E9
1.104216064E9
1.11310848E9
1.122062336E9
1.127837696E9
1.13573888E9
1.142636544E9
1.150027776E9
1.157337088E9
1.164126208E9
1.17296128E9
1.181380608E9
1.188231168E9
1.192808448E9
1.199020032E9
1.205112832E9
1.211488256E9
1.220012032E9
1.23080704E9
1.24187648E9
1.25057024E9
1.255790592E9
1.262600192E9
1.272768512E9
1.283504128E9
1.290838016E9
1.299673088E9
1.306949632E9
1.315868672E9
1.323122688E9
1.330929664E9
1.341054976E9
1.354584064E9
1.364938752E9
1.372659712E9
1.38123264E9
1.392406528E9
1.400993792E9
1.40946432E9
1.418088448E9
1.428205568E9
1.4377984E9
1.449424896E9
1.45820672E9
1.465798656E9
1.474787328E9
1.485242368E9
1.493071872E9
1.504176128E9
1.51351296E9
1.522792448E9
1.531633664E9
1.538885632E9
1.548429312E9
1.557864448E9
1.566662656E9
1.57710336E9
1.585692672E9
1.594640384E9
1.604931584E9
1.615736832E9
1.626066944E9
1.638187008E9
1.64972544E9
1.662558208E9
1.67571456E9
1.688098816E9
1.701474304E9
1.714757632E9
1.72969984E9
1.744470016E9
1.757515776E9
1.771286528E9
1.78588672E9
1.799155712E9
1.815635968E9
1.832650752E9
1.852792832E9
1.872257024E9
1.893732352E9
1.918210048E9
1.944244224E9
1.969604608E9
1.995249664E9
2.021230592E9
2.050387968E9
2.077313024E9
2.10605056E9
2.134560768E9
2.160652288E9
2.185869312E9
2.212739072E9
2.235977728E9
2.261297152E9
2.287075328E9
2.313373696E9
2.336126976E9
2.361255936E9
2.38550016E9
2.40869376E9
2.43096576E9
2.458103808E9
2.482302976E9
2.505893888E9
2.529114112E9
2.55156224E9
2.574866432E9
2.598977536E9
2.622179328E9
2.647875584E9
2.67413504E9
2.702913536E9
2.730817536E9
2.75744768E9
2.784862208E9
2.810279936E9
2.833242112E9
2.858274816E9
2.884573184E9
2.910175232E9
2.937921536E9
2.9656064E9
2.990452736E9
3.016804352E9
3.044163584E9
3.073165312E9
3.104581632E9
3.134275584E9
3.16708864E9
3.198840832E9
3.234709504E9
3.267344384E9
3.299186688E9
3.329990656E9
3.362625536E9
3.394402304E9
3.43047168E9
3.463370752E9
3.498553344E9
3.533973504E9
3.567239168E9
3.60127488E9
3.636736E9
3.669676032E9
3.706671104E9
3.741444096E9
3.775647744E9
3.807166464E9
3.839021056E9
3.872124928E9
3.909922816E9
3.949021184E9
3.987470336E9
4.024068096E9
4.064008192E9
4.105035776E9
4.145104896E9
4.184123392E9
4.229036032E9
4.27164672E9
4.31782912E9
4.368203776E9
4.420816896E9
4.477882368E9
4.536643584E9
4.59334656E9
4.651415552E9
4.708489216E9
4.766265344E9
4.824172544E9
4.882522112E9
4.940832768E9
4.997947392E9
5.0571264E9
5.114021888E9
5.17373952E9
5.234444288E9
5.297025024E9
5.360285696E9
5.423978496E9
5.490051072E9
5.557307392E9
5.62381824E9
5.693159424E9
5.764835328E9
5.843472384E9
5.922045952E9
6.002425856E9
6.084009984E9
6.172340224E9
6.261274624E9
6.354505728E9
6.449231872E9
6.548701184E9
6.6461696E9
6.750435328E9
6.85177856E9
6.953844736E9
7.060475904E9
7.168628736E9
7.276429312E9
7.390140416E9
7.503884288E9
7.62084352E9
7.743025152E9
7.867389952E9
7.993040896E9
8.122984448E9
8.253446144E9
8.391084032E9
8.529201152E9
8.673314816E9
8.81946624E9
8.970768384E9
9.123887104E9
9.283446784E9
9.444708352E9
9.61019904E9
9.778798592E9
9.953046528E9
1.0138003456E10
1.03279616E10
1.0520096768E10
1.071753216E10
1.091949568E10
1.1127384064E10
1.1337867264E10
1.1555448832E10
1.1778596864E10
1.200518144E10
1.2242464768E10
1.2482023424E10
1.2730847232E10
1.2987230208E10
1.3251155968E10
1.3519587328E10
1.3803165696E10
1.4094739456E10
1.4393858048E10
1.470283776E10
1.502524416E10
1.5356131328E10
1.570076672E10
1.6056131584E10
1.642760192E10
1.6808953856E10
1.7204946944E10
1.7614209024E10
1.804315648E10
1.8484539392E10
1.8947694592E10
1.9424454656E10
1.9925669888E10
2.0442402816E10
2.0985532416E10
2.1545639936E10
2.213431296E10
2.2747211776E10
2.3387613184E10
2.4051779584E10
2.474510336E10
2.5467242496E10
2.6227339264E10
2.7018491904E10
2.7848720384E10
2.8720959488E10
2.9634541568E10
3.0590236672E10
3.1596173312E10
3.2653072384E10
3.3766600704E10
3.4939117568E10
3.6179095552E10
3.7482278912E10
3.8860122112E10
4.0324651008E10
4.1875931136E10
4.3519516672E10
4.52652032E10
4.7126784E10
4.9112522752E10
5.1233624064E10
5.350175744E10
5.5932585984E10
5.8538033152E10
6.1341372416E10
6.4356102144E10
6.7611170816E10
7.1123603456E10
7.493443584E10
7.9071332352E10
8.35720192E10
8.847177728E10
9.3829298176E10
9.9695425536E10
1.06149838848E11
1.13261819904E11
1.2113823744E11
1.29880532992E11
1.39630938112E11
1.50542327808E11
1.6281856E11
1.76668803072E11
1.92329150464E11
2.09915910144E11
2.29210507264E11
2.4975584256E11
2.7164593152E11
2.95094022144E11
3.19326834688E11
3.43054350336E11
3.65978707968E11
3.89088753664E11
4.13483425792E11
4.38627618816E11
4.619378176E11
4.80845492224E11
4.95546867712E11
5.08034871296E11
5.20618172416E11
5.34717882368E11
5.50782763008E11
5.68508614656E11
5.87404478464E11
6.07006889984E11
6.27013974016E11
6.47432091648E11
6.67672080384E11
6.85966874624E11
7.00559755264E11
7.10785722368E11
7.16232523776E11
7.16967651328E11
7.12728246272E11
7.00733825024E11
6.79424538624E11
6.51967543296E11
6.20937240576E11
5.84319315968E11
5.36821465088E11
4.80004870144E11
4.19995990016E11
3.62550063104E11
3.11814141952E11
2.68656408576E11
2.32450514944E11
2.01978734592E11
1.7640278016E11
1.54944915456E11
1.36941924352E11
1.21676265472E11
1.08765790208E11
9.7832116224E10
8.854387712E10
8.0520953856E10
7.3539606528E10
6.7379800064E10
6.1927921664E10
5.704766464E10
5.267408896E10
4.8701712384E10
4.5123874816E10
4.192930816E10
3.91266304E10
3.6636688384E10
3.441678336E10
3.2404279296E10
3.0583975936E10
2.8918243328E10
2.7400910848E10
2.6005786624E10
2.4726175744E10
2.3544469504E10
2.2457856E10
2.1449885696E10
2.0516818944E10
1.9646918656E10
1.883741184E10
1.8077257728E10
1.7364987904E10
1.6696664064E10
1.6062738432E10
1.5463913472E10
1.4899615744E10
1.436381184E10
1.3858729984E10
1.3382608896E10
1.2928579584E10
1.24986368E10
1.208772608E10
1.17009408E10
1.1328913408E10
1.0976780288E10
1.0636007424E10
1.0313736192E10
1.0004154368E10
9.71113472E9
9.425303552E9
9.153640448E9
8.88956928E9
8.639967232E9
8.398891008E9
8.170919936E9
7.948081152E9
7.738544128E9
7.53598464E9
7.345002496E9
7.157311488E9
6.982367232E9
6.807791616E9
6.64602624E9
6.487896064E9
6.335995904E9
6.183391232E9
6.039545856E9
5.899257856E9
5.765595136E9
5.633005568E9
5.508528128E9
5.384583168E9
5.265590272E9
5.148168192E9
5.038370816E9
4.92589056E9
4.815745024E9
4.711426048E9
4.613900288E9
4.51534848E9
4.421779456E9
4.327407616E9
4.232984576E9
4.143783936E9
4.060485632E9
3.978078208E9
3.896406016E9
3.816310784E9
3.738830848E9
3.665457152E9
3.596212224E9
3.527503872E9
3.460114432E9
3.39411968E9
3.330082816E9
3.271909376E9
3.21134592E9
3.155699712E9
3.101149184E9
3.048146944E9
2.996850688E9
2.949666816E9
2.899931136E9
2.853470208E9
2.806274048E9
2.762420224E9
2.715457536E9
2.671173632E9
2.626451456E9
2.583853056E9
2.538602496E9
2.495131648E9
2.450976768E9
2.406918144E9
2.361874432E9
2.3181824E9
2.276702208E9
2.238947328E9
2.196957184E9
2.160566272E9
2.122555392E9
2.087313408E9
2.0512256E9
2.016114688E9
1.978978304E9
1.945475072E9
1.913300992E9
1.88443648E9
1.851869184E9
1.821898752E9
1.794107392E9
1.768493056E9
1.740863488E9
1.713717248E9
1.686083584E9
1.658312704E9
1.628934144E9
1.600817152E9
1.57524992E9
1.549223936E9
1.5246848E9
1.49884928E9
1.470281728E9
1.442658304E9
1.4176768E9
1.392386048E9
1.369483264E9
1.3499392E9
1.329729536E9
1.309601792E9
1.29076224E9
1.272436736E9
1.252919296E9
1.232388096E9
1.216540672E9
1.200171008E9
1.186686976E9
1.170997248E9
1.1570176E9
1.144559616E9
1.133758464E9
1.124851712E9
1.115123712E9
1.098809344E9
1.082791936E9
1.065947136E9
1.050769408E9
1.033224192E9
1.01804032E9
9.97306368E8
9.81184512E8
9.62545664E8
9.44709632E8
9.25626368E8
9.10768128E8
8.9851904E8
8.8674304E8
8.7276544E8
8.61825024E8
8.5009408E8
8.39954432E8
8.30875648E8
8.21846016E8
8.12673024E8
8.03893248E8
7.97485056E8
7.93468928E8
7.88744192E8
7.82559232E8
7.75507968E8
7.69742848E8
7.62789888E8
7.57190656E8
7.5138048E8
7.4363904E8
7.38011136E8
7.29403392E8
7.19130624E8
7.1076864E8
7.0565888E8
6.97473024E8
6.91197952E8
6.8185088E8
6.7165184E8
6.6121728E8
6.50866688E8
6.41736704E8
6.3501312E8
6.27564544E8
6.2077952E8
6.154752E8
6.089728E8
6.04420096E8
5.99607296E8
5.97608448E8
5.97460992E8
5.94335744E8
5.94106368E8
5.94313216E8
5.94591744E8
5.9343872E8
5.92375808E8
5.89008896E8
5.86971136E8
5.85283584E8
5.82293504E8
5.78209792E8
5.78330624E8
5.78209792E8
5.80419584E8
5.80130816E8
5.80886528E8
5.82678528E8
5.86149888E8
5.87149312E8
5.88722176E8
5.89279232E8
5.88003328E8
5.84282112E8
5.82678528E8
5.81249024E8
5.80630528E8
5.74765056E8
5.70271744E8
5.64105216E8
5.54272768E8
5.42087168E8
5.31144704E8
5.18979584E8
5.0556928E8
4.96412672E8
4.85085184E8
4.75262976E8
4.68144128E8
4.60734464E8
4.49765376E8
4.38315008E8
4.28519424E8
4.22203392E8
4.16026624E8
4.10724352E8
4.05395456E8
3.98903296E8
3.92153088E8
3.85323008E8
3.76479744E8
3.73487616E8
3.69803264E8
3.66995456E8
3.61629696E8
3.58643712E8
3.55162112E8
3.53028096E8
3.49687808E8
3.44778752E8
3.42335488E8
3.40002816E8
3.33756416E8
3.26424576E8
3.21640448E8
3.173888E8
3.13350144E8
3.11638016E8
3.07888128E8
3.04185344E8
3.00111872E8
2.98467328E8
2.93808128E8
2.90619392E8
2.85370368E8
2.79365632E8
2.76271104E8
2.73072128E8
2.67081728E8
2.62076416E8
2.58152448E8
2.54406656E8
2.52499968E8
2.48469504E8
2.42130944E8
2.41436672E8
2.38452736E8
2.32876032E8
2.31378944E8
2.27250176E8
2.2427648E8
2.22892032E8
2.20608512E8
2.18118144E8
2.15175168E8
2.12547584E8
2.11337216E8
2.10079744E8
2.0718592E8
2.02246144E8
1.96384768E8
1.93650688E8
1.94574336E8
1.94875392E8
1.93673216E8
1.9072E8
1.89165568E8
1.86136576E8
1.8459648E8
1.8297856E8
1.82872064E8
1.81663744E8
1.823744E8
1.80729856E8
1.8006016E8
1.8161664E8
1.79212288E8
1.74399488E8
1.73010944E8
1.7334272E8
1.73369344E8
1.71470848E8
1.71251712E8
1.6868352E8
1.65003264E8
1.61210368E8
1.6080896E8
1.58748672E8
1.56321792E8
1.55656192E8
1.55949056E8
1.54083328E8
1.5188992E8
1.48045824E8
1.48402176E8
1.46857984E8
1.44635904E8
1.43986688E8
1.42501888E8
1.41195264E8
1.38645504E8
1.36996864E8
1.36128512E8
1.35440384E8
1.34713344E8
1.33885952E8
1.3254656E8
1.29652736E8
1.267712E8
1.29210368E8
1.30650112E8
1.31284992E8
1.31135488E8
1.32038656E8
1.3305856E8
1.32765696E8
1.33408768E8
1.35122944E8
1.33900288E8
1.3457408E8
1.3472768E8
1.34842368E8
1.29875968E8
1.2592128E8
1.25128704E8
1.24749824E8
1.21706496E8
1.20092672E8
1.204736E8
1.23144192E8
1.22507264E8
1.19037952E8
1.18310912E8
1.18747136E8
1.16463616E8
1.17239808E8
1.17704704E8
1.16852736E8
1.14307072E8
1.13289216E8
1.122816E8
1.1045888E8
1.09387776E8
1.09725696E8
1.09082624E8
1.07737088E8
1.06135552E8
1.04278016E8
1.0195968E8
9.832448E7
9.4953472E7
9.3351936E7
9.3095936E7
9.2801024E7
9.2751872E7
9.1568128E7
9.325568E7
9.083904E7
8.8090624E7
8.5829632E7
8.4058112E7
8.1844224E7
8.0723968E7
7.964672E7
7.8333952E7
7.7453312E7
7.2701952E7
7.1340032E7
7.2738816E7
7.241728E7
7.1223296E7
6.9001216E7
6.438912E7
6.0305408E7
5.8918912E7
5.7495552E7
5.7575424E7
5.8773504E7
5.8118144E7
5.3608448E7
5.2740096E7
5.1984384E7
5.1892224E7
5.1214336E7
5.05344E7
4.9158144E7
4.9123328E7
4.7570944E7
4.5879296E7
4.4136448E7
4.376576E7
4.4115968E7
4.1295872E7
4.1519104E7
4.0525824E7
3.8658048E7
3.8957056E7
3.8885376E7
3.7511168E7
3.6861952E7
3.6352E7
3.4940928E7
3.4177024E7
3.0101504E7
2.9126656E7
2.8766208E7
2.9231104E7
2.9888512E7
2.9024256E7
2.8565504E7
2.6619904E7
2.6611712E7
2.4860672E7
2.3556096E7
2.4344576E7
2.2687744E7
2.4139776E7
2.4387584E7
2.3279616E7
2.2462464E7
2.1024768E7
1.8731008E7
1.8931712E7
2.031616E7
1.937408E7
1.8419712E7
1.6463872E7
1.6560128E7
1.6347136E7
1.357824E7
1.206272E7
1.2130304E7
9949184.0
9768960.0
7084032.0
5060608.0
4644864.0
3811328.0
3500032.0
2410496.0
1380352.0
-49152.0
-2240512.0
-5122048.0
-8525824.0
-8298496.0
-1.0881024E7
-1.2191744E7
-1.491968E7
-1.5732736E7
-1.7332224E7
-2.045952E7
-2.3482368E7
-2.6251264E7
-2.8698624E7
-3.2241664E7
-3.2999424E7
-3.406848E7
-3.5547136E7
-3.9440384E7
-4.4109824E7
-4.5766656E7
-4.8787456E7
-4.922368E7
-4.9958912E7
-4.9096704E7
-4.9659904E7
-4.9913856E7
-4.9678336E7
-5.0264064E7
-5.1529728E7
-5.1726336E7
-5.0026496E7
-4.7767552E7
-4.4320768E7
-4.0067072E7
-3.4906112E7
-2.6472448E7
-2.0967424E7
-1.7770496E7
-8044544.0
-22528.0
7864320.0
1.5013888E7
2.382848E7
2.9820928E7
3.34336E7
3.4146304E7
3.526656E7
3.6296704E7
3.5524608E7
3.324928E7
3.1471616E7
2.9423616E7
2.6990592E7
2.1233664E7
1.961984E7
1.7881088E7
1.6836608E7
1.4542848E7
1.0498048E7
8923136.0
8558592.0
5986304.0
2922496.0
3321856.0
4519936.0
4581376.0
2576384.0
-1056768.0
-1482752.0
-2443264.0
-3901440.0
-6549504.0
-8206336.0
-1.0950656E7
-1.0995712E7
-1.1859968E7
-1.1118592E7
-1.1173888E7
-1.3983744E7
-1.5251456E7
-1.7414144E7
-1.6920576E7
-1.665024E7
-1.6539648E7
-1.574912E7
-1.4440448E7
-1.4757888E7
-1.200128E7
-9623552.0
-8005632.0
-1.0952704E7
-1.03424E7
-8970240.0
-9611264.0
-7880704.0
-7221248.0
-8671232.0
-7426048.0
-6922240.0
-4368384.0
-3448832.0
-2267136.0
-1271808.0
-139264.0
-743424.0
-2490368.0
-4433920.0
-3547136.0
-3387392.0
-2490368.0
530432.0
3074048.0
1783808.0
655360.0
1462272.0
1642496.0
-131072.0
147456.0
2732032.0
3262464.0
3575808.0
3457024.0
4751360.0
6189056.0
6492160.0
6658048.0
7030784.0
5726208.0
4352000.0
1753088.0
-917504.0
-2883584.0
-5376000.0
-6672384.0
-5611520.0
-7563264.0
-9777152.0
-9347072.0
-7479296.0
-7000064.0
-8523776.0
-9295872.0
-7704576.0
-8394752.0
-8480768.0
-9662464.0
-1.1311104E7
-1.4860288E7
-1.7573888E7
-1.9083264E7
-2.0707328E7
-2.2939648E7
-2.5356288E7
-2.7211776E7
-2.6873856E7
-2.5792512E7
-2.6126336E7
-2.8063744E7
-2.9257728E7
-3.0685184E7
-2.9599744E7
-2.9396992E7
-3.0179328E7
-2.7502592E7
-2.6507264E7
-2.5186304E7
-2.1307392E7
-2.0621312E7
-1.7778688E7
-1.2087296E7
-9887744.0
-6225920.0
-3495936.0
-3604480.0
-2881536.0
-2174976.0
-1140736.0
-1558528.0
-4202496.0
-7469056.0
-1.2273664E7
-1.526784E7
-1.634304E7
-1.5589376E7
-1.4866432E7
-1.7856512E7
-1.9771392E7
-2.0002816E7
-2.2358016E7
-2.3738368E7
-2.4451072E7
-2.445312E7
-2.4324096E7
-2.4365056E7
-2.3580672E7
-2.260992E7
-2.1372928E7
-1.928192E7
-1.716224E7
-1.6340992E7
-1.6879616E7
-1.609728E7
-1.5763456E7
-1.5372288E7
-1.2075008E7
-1.0788864E7
-9517056.0
-7915520.0
-9064448.0
-8521728.0
-8656896.0
-1.1343872E7
-1.39264E7
-1.3449216E7
-1.2120064E7
-1.2947456E7
-1.214464E7
-1.082368E7
-1.1685888E7
-1.0268672E7
-1.0364928E7
-1.1759616E7
-1.1759616E7
-1.241088E7
-1.5601664E7
-1.4495744E7
-1.1589632E7
-1.055744E7
-1.2105728E7
-1.1528192E7
-1.412096E7
-1.4802944E7
-1.4112768E7
-1.4358528E7
-1.350656E7
-1.3920256E7
-1.5773696E7
-1.7324032E7
-1.7917952E7
-1.8542592E7
-1.6197632E7
-1.4577664E7
-1.6898048E7
-2.0410368E7
-2.1737472E7
-2.3826432E7
-2.5257984E7
-2.5296896E7
-2.6253312E7
-2.7936768E7
-2.8520448E7
-3.06688E7
-3.0844928E7
-3.2012288E7
-2.965504E7
-2.8581888E7
-3.0947328E7
-2.9313024E7
-2.9882368E7
-3.3417216E7
-3.5170304E7
-3.268608E7
-2.9067264E7
-2.83136E7
-2.8913664E7
-3.002368E7
-2.8553216E7
-3.011584E7
-2.8438528E7
-2.6984448E7
-2.62656E7
-2.5305088E7
-2.5483264E7
-2.5810944E7
-2.5276416E7
-2.4109056E7
-2.3668736E7
-2.3728128E7
-2.4385536E7
-2.323456E7
-2.0260864E7
-2.151424E7
-2.4520704E7
-2.2859776E7
-2.0473856E7
-1.9296256E7
-1.8786304E7
-1.7750016E7
-1.8771968E7
-1.8065408E7
-1.6771072E7
-1.8280448E7
-1.7199104E7
-1.5161344E7
-1.4743552E7
-1.4329856E7
-1.3604864E7
-1.498112E7
-1.429504E7
-1.221632E7
-1.1851776E7
-9451520.0
-8374272.0
-7204864.0
-8732672.0
-9523200.0
-8331264.0
-8122368.0
-6850560.0
-8054784.0
-7837696.0
-6260736.0
-5707776.0
-6307840.0
-8947712.0
-9240576.0
-9457664.0
-1.042432E7
-1.2675072E7
-1.2675072E7
-1.016832E7
-1.0477568E7
-1.3920256E7
-1.5069184E7
-1.632256E7
-1.6433152E7
-1.718272E7
-1.81248E7
-1.6758784E7
-1.4936064E7
-1.498112E7
-1.6816128E7
-1.8710528E7
-1.9019776E7
-2.0523008E7
-2.200576E7
-2.1993472E7
-2.1829632E7
-2.1188608E7
-1.9910656E7
-2.0322304E7
-2.0178944E7
-2.051072E7
-2.0027392E7
-1.932288E7
-2.10432E7
-2.0824064E7
-2.0703232E7
-2.3179264E7
-2.296832E7
-2.008064E7
-1.8806784E7
-1.6369664E7
-1.6214016E7
-1.9296256E7
-1.9955712E7
-2.087936E7
-2.0396032E7
-2.0117504E7
-2.0320256E7
-2.14528E7
-2.4057856E7
-2.2786048E7
-2.0992E7
-2.113536E7
-2.1018624E7
-2.0086784E7
-2.079744E7
-2.1315584E7
-2.3068672E7
-2.3523328E7
-2.3185408E7
-2.1786624E7
-2.1450752E7
-2.1702656E7
-2.4602624E7
-2.6732544E7
-2.707456E7
-2.4588288E7
-2.4467456E7
-2.4266752E7
-2.3441408E7
-2.4469504E7
-2.5688064E7
-2.4666112E7
-2.5141248E7
-2.6351616E7
-2.3502848E7
-2.1399552E7
-2.3560192E7
-2.2745088E7
-2.1696512E7
-2.2081536E7
-2.2720512E7
-2.1028864E7
-1.828864E7
-1.7795072E7
-1.8987008E7
-2.0267008E7
-1.9628032E7
-1.9943424E7
-1.7186816E7
-1.7006592E7
-1.7235968E7
-1.5345664E7
-1.6275456E7
-1.713152E7
-1.6300032E7
-1.5962112E7
-1.5157248E7
-1.4764032E7
-1.462272E7
-1.3574144E7
-1.2664832E7
-1.060864E7
-1.0221568E7
-1.1741184E7
-1.1671552E7
-1.185792E7
-1.0706944E7
-8556544.0
-7311360.0
-9410560.0
-9639936.0
-9990144.0
-8558592.0
-8095744.0
-5642240.0
-7983104.0
-1.0186752E7
-8511488.0
-9545728.0
-1.1032576E7
-1.0338304E7
-8652800.0
-8640512.0
-8048640.0
-5093376.0
-4005888.0
-5120000.0
-5736448.0
-7725056.0
-7516160.0
-4925440.0
-4960256.0
-4315136.0
-6438912.0
-6819840.0
-6557696.0
-6637568.0
-5617664.0
-4472832.0
-1155072.0
-1185792.0
-763904.0
-329728.0
616448.0
1155072.0
598016.0
376832.0
1671168.0
2246656.0
3385344.0
6860800.0
9502720.0
1.0145792E7
1.3285376E7
1.5310848E7
1.381376E7
1.4292992E7
1.6992256E7
1.943552E7
2.3361536E7
2.4420352E7
2.4723456E7
2.3261184E7
2.3130112E7
2.5143296E7
2.5890816E7
2.8930048E7
3.1563776E7
3.1735808E7
3.4240512E7
3.6265984E7
3.5702784E7
3.3038336E7
3.3275904E7
3.3390592E7
3.4691072E7
3.729408E7
4.1138176E7
4.1918464E7
4.0853504E7
4.2891264E7
4.3737088E7
4.4427264E7
4.7552512E7
4.912128E7
5.1027968E7
5.27872E7
5.6270848E7
5.8785792E7
5.905408E7
6.0051456E7
6.05184E7
6.2185472E7
6.3725568E7
6.2869504E7
6.2416896E7
6.4821248E7
6.3471616E7
6.4567296E7
6.552576E7
6.6932736E7
6.817792E7
6.9615616E7
6.990848E7
7.1032832E7
7.1294976E7
7.3558016E7
7.6855296E7
7.5767808E7
7.5358208E7
7.6873728E7
7.716864E7
7.7289472E7
7.8514176E7
7.9562752E7
7.9253504E7
8.2526208E7
8.2065408E7
7.8819328E7
8.0646144E7
8.2120704E7
8.4252672E7
8.6145024E7
8.5153792E7
8.4957184E7
8.5387264E7
8.56576E7
8.5252096E7
8.3064832E7
8.3263488E7
8.4672512E7
8.5661696E7
8.7558144E7
8.8020992E7
8.9255936E7
8.9802752E7
8.9839616E7
9.0208256E7
8.9337856E7
8.9982976E7
9.3227008E7
9.6825344E7
9.63584E7
9.6882688E7
1.00108288E8
1.00601856E8
9.9815424E7
9.957376E7
1.0148864E8
1.04523776E8
1.04787968E8
1.02832128E8
1.05531392E8
1.0909696E8
1.11702016E8
1.13954816E8
1.13928192E8
1.14608128E8
1.14946048E8
1.14857984E8
1.14802688E8
1.16537344E8
1.17448704E8
1.18489088E8
1.20301568E8
1.23826176E8
1.25028352E8
1.24411904E8
1.26459904E8
1.28587776E8
1.31076096E8
1.33742592E8
1.3546496E8
1.35002112E8
1.36005632E8
1.3841408E8
1.3956096E8
1.42780416E8
1.44513024E8
1.47597312E8
1.48523008E8
1.49768192E8
1.50771712E8
1.52111104E8
1.5495168E8
1.57401088E8
1.58404608E8
1.5835136E8
1.61673216E8
1.66475776E8
1.66770688E8
1.67161856E8
1.65359616E8
1.66639616E8
1.69730048E8
1.71282432E8
1.73029376E8
1.73645824E8
1.75448064E8
1.75730688E8
1.75429632E8
1.75294464E8
1.7544192E8
1.74073856E8
1.74104576E8
1.72398592E8
1.69504768E8
1.68767488E8
1.6822272E8
1.6914432E8
1.68278016E8
1.6504832E8
1.65419008E8
1.64911104E8
1.65675008E8
1.6417792E8
1.62480128E8
1.64909056E8
1.63033088E8
1.62031616E8
1.61845248E8
1.60161792E8
1.60008192E8
1.55441152E8
1.54789888E8
1.5352832E8
1.52281088E8
1.51730176E8
1.49301248E8
1.48799488E8
1.48185088E8
1.46055168E8
1.46368512E8
1.44277504E8
1.4193664E8
1.38663936E8
1.36798208E8
1.35794688E8
1.336832E8
1.3417472E8
1.32747264E8
1.31024896E8
1.29892352E8
1.29052672E8
1.29028096E8
1.27496192E8
1.26777344E8
1.26502912E8
1.23594752E8
1.2229632E8
1.20608768E8
1.19134208E8
1.20584192E8
1.2169216E8
1.19795712E8
1.18073344E8
1.16764672E8
1.139712E8
1.12842752E8
1.11941632E8
1.1019264E8
1.08935168E8
1.07966464E8
1.075712E8
1.05682944E8
1.06008576E8
1.06866688E8
1.07083776E8
1.06182656E8
1.05682944E8
1.041408E8
1.02899712E8
1.02017024E8
1.02119424E8
1.01011456E8
1.02191104E8
1.03174144E8
1.02356992E8
1.03507968E8
1.02094848E8
9.9004416E7
9.9217408E7
9.9045376E7
9.7337344E7
9.8863104E7
9.7939456E7
9.639936E7
9.7728512E7
9.89696E7
1.01646336E8
1.00317184E8
9.9923968E7
1.0044416E8
1.00534272E8
1.01169152E8
1.0088448E8
1.01879808E8
1.02268928E8
1.00868096E8
9.9622912E7
9.9231744E7
1.01251072E8
1.01963776E8
1.02354944E8
1.02858752E8
1.01486592E8
1.02948864E8
1.04323072E8
1.04589312E8
1.03333888E8
1.00882432E8
1.01511168E8
1.03671808E8
1.03880704E8
1.02977536E8
1.02815744E8
1.0376192E8
1.0324992E8
1.03020544E8
1.03663616E8
1.0651648E8
1.09830144E8
1.10290944E8
1.10886912E8
1.12142336E8
1.1127808E8
1.082368E8
1.07812864E8
1.1010048E8
1.09580288E8
1.11460352E8
1.12705536E8
1.15116032E8
1.13627136E8
1.13360896E8
1.13721344E8
1.15744768E8
1.16506624E8
1.18427648E8
1.1933696E8
1.22155008E8
1.24203008E8
1.22779648E8
1.24680192E8
1.24536832E8
1.24669952E8
1.25853696E8
1.28550912E8
1.27780864E8
1.27963136E8
1.26601216E8
1.293824E8
1.31229696E8
1.30742272E8
1.30193408E8
1.302528E8
1.31282944E8
1.33490688E8
1.3684736E8
1.35829504E8
1.3630464E8
1.36167424E8
1.38029056E8
1.39933696E8
1.38872832E8
1.42063616E8
1.4404608E8
1.44146432E8
1.45917952E8
1.46747392E8
1.44984064E8
1.4570496E8
1.46991104E8
1.49276672E8
1.49766144E8
1.49293056E8
1.49764096E8
1.51785472E8
1.55088896E8
1.54691584E8
1.5574016E8
1.56608512E8
1.56102656E8
1.55244544E8
1.55754496E8
1.5816704E8
1.60210944E8
1.62107392E8
1.65228544E8
1.66404096E8
1.67006208E8
1.67729152E8
1.66217728E8
1.66301696E8
1.65746688E8
1.6571392E8
1.67692288E8
1.696768E8
1.7113088E8
1.737216E8
1.71784192E8
1.71507712E8
1.73039616E8
1.73748224E8
1.76365568E8
1.75919104E8
1.7763328E8
1.81651456E8
1.83898112E8
1.8648064E8
1.87889664E8
1.88086272E8
1.88952576E8
1.90224384E8
1.89095936E8
1.88137472E8
1.88178432E8
1.89462528E8
1.90861312E8
1.93726464E8
1.95735552E8
1.97115904E8
2.00667136E8
2.04115968E8
2.04900352E8
2.0534272E8
2.080256E8
2.09661952E8
2.114048E8
2.13557248E8
2.15140352E8
2.18126336E8
2.22879744E8
2.24514048E8
2.27190784E8
2.3018496E8
2.34811392E8
2.37264896E8
2.39382528E8
2.42556928E8
2.47035904E8
2.48393728E8
2.50251264E8
2.55346688E8
2.60204544E8
2.6361856E8
2.68384256E8
2.7620352E8
2.81073664E8
2.82918912E8
2.87627264E8
2.9167616E8
2.95702528E8
3.03116288E8
3.07501056E8
3.12131584E8
3.18109696E8
3.24462592E8
3.32935168E8
3.3956864E8
3.47031552E8
3.54166784E8
3.59872512E8
3.69999872E8
3.82554112E8
3.90995968E8
3.98819328E8
4.08102912E8
4.17816576E8
4.30596096E8
4.44041216E8
4.56308736E8
4.69932032E8
4.82955264E8
4.95044608E8
5.07971584E8
5.23788288E8
5.38361856E8
5.49218304E8
5.63959808E8
5.78961408E8
5.9460608E8
6.10062336E8
6.29579776E8
6.4771072E8
6.64848384E8
6.84060672E8
6.9936128E8
7.14457088E8
7.33159424E8
7.5136E8
7.69867776E8
7.87331072E8
8.03606528E8
8.19707904E8
8.33951744E8
8.4998144E8
8.64978944E8
8.7846912E8
8.9467904E8
9.07956224E8
9.18595584E8
9.29243136E8
9.38825728E8
9.45876992E8
9.5255552E8
9.59461376E8
9.63999744E8
9.64212736E8
9.63381248E8
9.60770048E8
9.56903424E8
9.49479424E8
9.41328384E8
9.30850816E8
9.17866496E8
9.03294976E8
8.89286656E8
8.71581696E8
8.51613696E8
8.32970752E8
8.12750848E8
7.95346944E8
7.7789184E8
7.60444928E8
7.4186752E8
7.2526848E8
7.08370432E8
6.9318656E8
6.76302848E8
6.62278144E8
6.48577024E8
6.32064E8
6.1735936E8
6.07195136E8
5.96051968E8
5.84290304E8
5.73816832E8
5.61876992E8
5.52415232E8
5.42435328E8
5.32527104E8
5.2451328E8
5.15014656E8
5.05718784E8
4.97661952E8
4.9147904E8
4.83903488E8
4.75897856E8
4.7020032E8
4.65012736E8
4.57455616E8
4.50156544E8
4.46425088E8
4.41663488E8
4.33201152E8
4.27220992E8
4.22283264E8
4.17093632E8
4.13288448E8
4.09829376E8
4.0501248E8
4.0072192E8
3.97336576E8
3.9401472E8
3.90240256E8
3.84380928E8
3.7702656E8
3.73778432E8
3.71685376E8
3.68556032E8
3.65479936E8
3.61836544E8
3.59497728E8
3.57390336E8
3.53906688E8
3.51260672E8
3.49349888E8
3.46198016E8
3.43771136E8
3.41645312E8
3.40965376E8
3.37606656E8
3.35941632E8
3.33938688E8
3.32734464E8
3.31669504E8
3.29136128E8
3.27800832E8
3.27667712E8
3.26060032E8
3.25330944E8
3.22646016E8
3.21036288E8
3.21357824E8
3.20229376E8
3.18099456E8
3.19727616E8
3.22093056E8
3.21089536E8
3.20159744E8
3.19043584E8
3.1763456E8
3.16018688E8
3.17210624E8
3.19770624E8
3.17908992E8
3.17022208E8
3.19770624E8
3.19244288E8
3.1857664E8
3.19404032E8
3.2018432E8
3.22074624E8
3.22390016E8
3.22557952E8
3.23956736E8
3.25752832E8
3.28388608E8
3.28747008E8
3.30665984E8
3.33307904E8
3.34710784E8
3.35773696E8
3.38644992E8
3.40647936E8
3.39587072E8
3.44018944E8
3.47963392E8
3.49605888E8
3.53376256E8
3.56173824E8
3.58977536E8
3.58649856E8
3.58944768E8
3.62788864E8
3.66721024E8
3.7285888E8
3.76025088E8
3.79854848E8
3.82087168E8
3.84260096E8
3.87026944E8
3.91737344E8
3.961856E8
3.97893632E8
4.0283136E8
4.0443904E8
4.06706176E8
4.08287232E8
4.1074688E8
4.12803072E8
4.16325632E8
4.2015744E8
4.242432E8
4.28765184E8
4.29314048E8
4.3117568E8
4.35554304E8
4.3646976E8
4.3884544E8
4.43318272E8
4.49957888E8
4.51211264E8
4.5036544E8
4.494336E8
4.51414016E8
4.54291456E8
4.55749632E8
4.570112E8
4.5862912E8
4.59347968E8
4.58227712E8
4.58315776E8
4.58149888E8
4.56495104E8
4.52038656E8
4.48708608E8
4.4711936E8
4.42537984E8
4.37305344E8
4.33942528E8
4.326912E8
4.29002752E8
4.23796736E8
4.20681728E8
4.17478656E8
4.15117312E8
4.09335808E8
4.05696512E8
4.0365056E8
4.04252672E8
4.01485824E8
3.974144E8
3.94407936E8
3.90537216E8
3.87315712E8
3.86492416E8
3.82038016E8
3.80440576E8
3.75422976E8
3.69928192E8
3.67302656E8
3.6430848E8
3.60947712E8
3.57101568E8
3.5438592E8
3.50865408E8
3.43242752E8
3.40584448E8
3.39755008E8
3.34241792E8
3.2987136E8
3.260928E8
3.26443008E8
3.23473408E8
3.19844352E8
3.15572224E8
3.10464512E8
3.08555776E8
3.05573888E8
3.0149632E8
2.98811392E8
2.97357312E8
2.91729408E8
2.88325632E8
2.87881216E8
2.84196864E8
2.81290752E8
2.77348352E8
2.74038784E8
2.73113088E8
2.7046912E8
2.6789888E8
2.67470848E8
2.64128512E8
2.60481024E8
2.59381248E8
2.5955328E8
2.56794624E8
2.55561728E8
2.54541824E8
2.51502592E8
2.48829952E8
2.4723456E8
2.45741568E8
2.42898944E8
2.39630336E8
2.38235648E8
2.34616832E8
2.33951232E8
2.33949184E8
2.32583168E8
2.29670912E8
2.3041024E8
2.31104512E8
2.30109184E8
2.27909632E8
2.2356992E8
2.20194816E8
2.1670912E8
2.15465984E8
2.15783424E8
2.15455744E8
2.13456896E8
2.11339264E8
2.0924416E8
2.08003072E8
2.070016E8
2.04331008E8
2.03933696E8
2.05314048E8
2.05570048E8
2.03681792E8
2.01488384E8
1.99237632E8
1.9542016E8
1.95084288E8
1.9551232E8
1.94084864E8
1.928704E8
1.9079168E8
1.87662336E8
1.878528E8
1.87240448E8
1.85950208E8
1.85636864E8
1.84571904E8
1.83328768E8
1.81446656E8
1.80770816E8
1.81497856E8
1.81020672E8
1.80328448E8
1.79777536E8
1.78317312E8
1.75403008E8
1.73858816E8
1.70774528E8
1.71442176E8
1.71720704E8
1.72515328E8
1.71702272E8
1.70340352E8
1.66862848E8
1.6521216E8
1.66170624E8
1.66039552E8
1.63301376E8
1.62322432E8
1.61980416E8
1.585152E8
1.58152704E8
1.58328832E8
1.57728768E8
1.56817408E8
1.54093568E8
1.5279104E8
1.54157056E8
1.5512576E8
1.56186624E8
1.54507264E8
1.53315328E8
1.53475072E8
1.52885248E8
1.5044608E8
1.5113216E8
1.49055488E8
1.465344E8
1.46589696E8
1.47044352E8
1.46284544E8
1.44467968E8
1.44234496E8
1.45143808E8
1.43013888E8
1.40044288E8
1.39405312E8
1.41713408E8
1.4020608E8
1.39040768E8
1.39026432E8
1.36927232E8
1.37035776E8
1.38336256E8
1.35030784E8
1.31170304E8
1.29247232E8
1.2832768E8
1.30906112E8
1.31274752E8
1.28948224E8
1.26906368E8
1.27748096E8
1.29040384E8
1.28016384E8
1.25157376E8
1.24954624E8
1.263616E8
1.25812736E8
1.24043264E8
1.2223488E8
1.2259328E8
1.23430912E8
1.22812416E8
1.22107904E8
1.22466304E8
1.20000512E8
1.19003136E8
1.18843392E8
1.19640064E8
1.2143616E8
1.18931456E8
1.16363264E8
1.15759104E8
1.12902144E8
1.09615104E8
1.09981696E8
1.13539072E8
1.14935808E8
1.12269312E8
1.11648768E8
1.08539904E8
1.09072384E8
1.08191744E8
1.08427264E8
1.0927104E8
1.07216896E8
1.04988672E8
1.03704576E8
1.04040448E8
1.0128384E8
1.01414912E8
1.03540736E8
1.02653952E8
1.01771264E8
1.02037504E8
9.9074048E7
9.8080768E7
9.8445312E7
9.7540096E7
9.6569344E7
9.880576E7
9.7968128E7
9.5219712E7
9.6661504E7
9.7677312E7
9.9424256E7
9.8013184E7
9.7632256E7
9.578496E7
9.5035392E7
9.5502336E7
9.5383552E7
9.5270912E7
9.3118464E7
9.1209728E7
9.0578944E7
8.9993216E7
8.9767936E7
8.9782272E7
8.8866816E7
8.8039424E7
8.7156736E7
8.7062528E7
8.6822912E7
8.5417984E7
8.3421184E7
8.3761152E7
8.2450432E7
8.3849216E7
8.5088256E7
8.7103488E7
8.7662592E7
8.6990848E7
8.636416E7
8.5024768E7
8.5870592E7
8.4871168E7
8.3908608E7
8.1686528E7
8.1068032E7
8.1954816E7
8.2157568E7
8.0908288E7
8.0508928E7
8.0433152E7
7.8155776E7
7.7080576E7
7.56736E7
7.6429312E7
7.6519424E7
7.7367296E7
7.8454784E7
7.7355008E7
7.6742656E7
7.5364352E7
7.6275712E7
7.8022656E7
7.5776E7
7.4139648E7
7.4000384E7
7.494656E7
7.6169216E7
7.279616E7
7.2206336E7
7.3314304E7
7.3095168E7
7.218176E7
7.0684672E7
7.0363136E7
6.9992448E7
7.0117376E7
7.2994816E7
7.5298816E7
7.4268672E7
7.305216E7
7.1530496E7
6.7796992E7
6.7596288E7
6.9400576E7
7.0817792E7
7.1028736E7
6.8759552E7
6.85568E7
6.8708352E7
6.7395584E7
6.4999424E7
6.4915456E7
6.4770048E7
6.4544768E7
6.5257472E7
6.5302528E7
6.588416E7
6.569984E7
6.7147776E7
6.6750464E7
6.483968E7
6.4571392E7
6.4903168E7
6.3676416E7
6.1452288E7
5.9312128E7
5.936128E7
6.03136E7
6.0280832E7
6.1452288E7
6.3082496E7
6.1761536E7
5.9623424E7
5.9682816E7
5.8017792E7
5.9705344E7
5.868544E7
5.73952E7
5.5496704E7
5.4890496E7
5.7829376E7
5.7423872E7
5.7872384E7
5.6598528E7
5.58592E7
5.7014272E7
5.5666688E7
5.3696512E7
5.390336E7
5.3014528E7
5.2217856E7
5.2240384E7
5.2105216E7
5.3131264E7
5.443584E7
5.5138304E7
5.3061632E7
5.1265536E7
5.1259392E7
5.0526208E7
4.9678336E7
5.036032E7
5.143552E7
5.0419712E7
4.923392E7
4.983808E7
4.998144E7
4.9020928E7
4.8930816E7
4.8631808E7
4.8226304E7
4.6874624E7
4.5570048E7
4.4722176E7
4.5039616E7
4.7013888E7
4.7448064E7
4.617216E7
4.4126208E7
4.3307008E7
4.5320192E7
4.5996032E7
4.6045184E7
4.6200832E7
4.6440448E7
4.4521472E7
4.3982848E7
4.3900928E7
4.2113024E7
4.1150464E7
4.0034304E7
4.0900608E7
4.1310208E7
4.2594304E7
4.276224E7
4.0773632E7
4.0179712E7
3.918848E7
3.8629376E7
3.8588416E7
3.7752832E7
3.6255744E7
3.5725312E7
3.5170304E7
3.66592E7
3.8217728E7
3.8739968E7
4.0331264E7
3.8299648E7
3.670016E7
3.5270656E7
3.4668544E7
3.360768E7
3.2477184E7
3.3665024E7
3.2876544E7
3.1485952E7
3.0998528E7
3.2792576E7
3.284992E7
3.1756288E7
3.2272384E7
3.0625792E7
3.001344E7
3.0470144E7
3.1946752E7
2.9919232E7
2.7148288E7
2.9622272E7
3.1596544E7
2.9247488E7
2.6914816E7
2.9067264E7
2.9822976E7
3.0058496E7
2.9683712E7
2.8997632E7
2.8307456E7
2.7711488E7
2.9065216E7
2.9779968E7
3.0957568E7
2.8803072E7
2.9739008E7
2.7910144E7
2.55488E7
2.4113152E7
2.2591488E7
2.4348672E7
2.5643008E7
2.684928E7
2.9335552E7
2.8739584E7
2.6570752E7
2.6845184E7
2.6157056E7
2.7123712E7
2.6271744E7
2.3281664E7
2.363392E7
2.5151488E7
2.4631296E7
2.3201792E7
2.1379072E7
2.2075392E7
2.238464E7
2.3840768E7
2.3474176E7
2.3506944E7
2.2337536E7
2.2085632E7
2.33472E7
2.4066048E7
2.1612544E7
2.2298624E7
2.473984E7
2.3498752E7
2.1946368E7
2.1792768E7
2.060288E7
2.0692992E7
2.3250944E7
2.3508992E7
2.30912E7
2.23232E7
2.2554624E7
2.2726656E7
2.3117824E7
2.2745088E7
2.238464E7
2.1039104E7
1.8569216E7
1.7149952E7
1.8233344E7
1.8167808E7
1.9521536E7
1.8454528E7
1.6326656E7
1.8327552E7
1.6898048E7
1.8556928E7
1.8348032E7
1.570816E7
1.5572992E7
1.533952E7
1.6130048E7
1.7246208E7
1.5951872E7
1.6365568E7
1.6242688E7
1.534976E7
1.4338048E7
1.2847104E7
1.47456E7
1.471488E7
1.6795648E7
1.8010112E7
1.7170432E7
1.483776E7
1.3201408E7
1.2849152E7
1.5607808E7
1.5685632E7
1.4247936E7
1.3469696E7
1.4522368E7
1.4116864E7
1.4893056E7
1.4129152E7
1.4739456E7
1.5640576E7
1.6582656E7
1.7661952E7
1.5355904E7
1.5437824E7
1.54624E7
1.6693248E7
1.615872E7
1.5480832E7
1.4145536E7
1.3197312E7
1.3154304E7
1.291264E7
1.2701696E7
9969664.0
8509440.0
1.1249664E7
1.262592E7
1.2335104E7
1.3789184E7
1.212416E7
1.325056E7
1.5556608E7
1.4661632E7
1.4923776E7
1.2791808E7
1.1982848E7
1.2611584E7
1.4626816E7
1.4516224E7
1.4895104E7
1.1884544E7
9418752.0
1.0747904E7
1.2578816E7
1.1454464E7
1.2136448E7
1.2515328E7
1.1436032E7
1.0457088E7
8075264.0
6379520.0
6739968.0
7196672.0
8228864.0
9596928.0
8048640.0
7202816.0
8773632.0
9721856.0
9578496.0
8337408.0
7069696.0
7866368.0
7727104.0
7335936.0
9068544.0
1.014784E7
1.1147264E7
1.024E7
7340032.0
6588416.0
6062080.0
6141952.0
6066176.0
4964352.0
3360768.0
4188160.0
7647232.0
8404992.0
7536640.0
8808448.0
8169472.0
6567936.0
5496832.0
7815168.0
6131712.0
5130240.0
6856704.0
8056832.0
7434240.0
8955904.0
1.0149888E7
7981056.0
7030784.0
6981632.0
7716864.0
5902336.0
4534272.0
4474880.0
5394432.0
6301696.0
6479872.0
6025216.0
4917248.0
4876288.0
4153344.0
3715072.0
4462592.0
5312512.0
3725312.0
4831232.0
7094272.0
6852608.0
6039552.0
5552128.0
5134336.0
4689920.0
5298176.0
7405568.0
7550976.0
6729728.0
5906432.0
3424256.0
2381824.0
2250752.0
3018752.0
4378624.0
4925440.0
3747840.0
3125248.0
1460224.0
1392640.0
1708032.0
2316288.0
2721792.0
2633728.0
2347008.0
1347584.0
593920.0
2084864.0
2506752.0
2525184.0
3137536.0
2887680.0
1714176.0
2783232.0
1488896.0
-1122304.0
-1095680.0
-1153024.0
-159744.0
-423936.0
-380928.0
1044480.0
12288.0
-917504.0
-1468416.0
-1163264.0
974848.0
1095680.0
714752.0
235520.0
-724992.0
-450560.0
1857536.0
1753088.0
612352.0
1269760.0
585728.0
-681984.0
-598016.0
-1972224.0
-2793472.0
-2689024.0
-2762752.0
-456704.0
-696320.0
-1128448.0
-595968.0
-972800.0
-1005568.0
509952.0
-757760.0
-1579008.0
-743424.0
-1656832.0
-749568.0
690176.0
966656.0
-350208.0
-59392.0
-933888.0
-1781760.0
-3524608.0
-5203968.0
-4923392.0
-3323904.0
-4323328.0
-2883584.0
-2865152.0
-3764224.0
-2914304.0
-2119680.0
-1454080.0
-1331200.0
-2447360.0
-3858432.0
-5167104.0
-4947968.0
-2199552.0
-2299904.0
-2390016.0
-2447360.0
-1107968.0
-3235840.0
-4818944.0
-3856384.0
-4687872.0
-5236736.0
-4036608.0
-3745792.0
-3651584.0
-4317184.0
-3592192.0
-3278848.0
-5355520.0
-3991552.0
-2410496.0
-880640.0
-143360.0
-2791424.0
-5183488.0
-3596288.0
-5226496.0
-6848512.0
-5036032.0
-3999744.0
-3381248.0
-3381248.0
-3432448.0
-1906688.0
-2418688.0
-1171456.0
-192512.0
-524288.0
-1650688.0
-3889152.0
-4120576.0
-3747840.0
-2916352.0
-2271232.0
-1198080.0
-1654784.0
-2136064.0
-4474880.0
-4298752.0
-5693440.0
-7165952.0
-5857280.0
-1810432.0
-686080.0
-4558848.0
-6225920.0
-5314560.0
-5163008.0
-4349952.0
-4476928.0
-5949440.0
-5472256.0
-4253696.0
-5472256.0
-4843520.0
-2242560.0
-1079296.0
-1613824.0
-821248.0
-3522560.0
-6871040.0
-7032832.0
-6541312.0
-5357568.0
-6782976.0
-6260736.0
-6131712.0
-4472832.0
-3989504.0
-6123520.0
-6506496.0
-5433344.0
-4450304.0
-3252224.0
-1857536.0
-1619968.0
-4513792.0
-5031936.0
-6141952.0
-6139904.0
-5410816.0
-5144576.0
-4696064.0
-5863424.0
-6119424.0
-6318080.0
-7882752.0
-9525248.0
-7309312.0
-5285888.0
-7094272.0
-5935104.0
-3401728.0
-5732352.0
-7182336.0
-6352896.0
-6365184.0
-7636992.0
-7591936.0
-5513216.0
-3024896.0
-3792896.0
-6477824.0
-7673856.0
-6883328.0
-5044224.0
-5138432.0
-4110336.0
-4550656.0
-4411392.0
-4872192.0
-4995072.0
-2150400.0
-1933312.0
-6862848.0
-8079360.0
-6361088.0
-7161856.0
-7993344.0
-7256064.0
-6877184.0
-6569984.0
-6461440.0
-3135488.0
-3657728.0
-6172672.0
-5842944.0
-5597184.0
-5543936.0
-6307840.0
-4655104.0
-5048320.0
-6981632.0
-7790592.0
-5615616.0
-5877760.0
-6641664.0
-7489536.0
-7094272.0
-8196096.0
-7426048.0
-7698432.0
-7456768.0
-6041600.0
-5658624.0
-5607424.0
-8519680.0
-8253440.0
-6436864.0
-5683200.0
-4706304.0
-7731200.0
-6879232.0
-6791168.0
-6778880.0
-7507968.0
-7645184.0
-6168576.0
-6103040.0
-6039552.0
-4499456.0
-3530752.0
-4843520.0
-7636992.0
-8902656.0
-9463808.0
-6920192.0
-6475776.0
-9060352.0
-6856704.0
-6359040.0
-6987776.0
-8675328.0
-7198720.0
-7378944.0
-6270976.0
-7954432.0
-9764864.0
-9537536.0
-6602752.0
-5068800.0
-5945344.0
-6875136.0
-6160384.0
-8558592.0
-9320448.0
-8232960.0
-5554176.0
-4833280.0
-3706880.0
-3584000.0
-5156864.0
-6117376.0
-6326272.0
-7819264.0
-7913472.0
-7659520.0
-8949760.0
-6828032.0
-6912000.0
-8445952.0
-8243200.0
-6518784.0
-7348224.0
-8011776.0
-9738240.0
-8753152.0
-7823360.0
-8052736.0
-8075264.0
-8624128.0
-1.0528768E7
-9185280.0
-8177664.0
-9390080.0
-9746432.0
-8534016.0
-7983104.0
-7727104.0
-9586688.0
-7143424.0
-3743744.0
-2123776.0
-4100096.0
-5087232.0
-3739648.0
-3418112.0
-4812800.0
-5019648.0
-6989824.0
-8910848.0
-6262784.0
-5576704.0
-5904384.0
-6430720.0
-8159232.0
-1.0377216E7
-8065024.0
-7979008.0
-6832128.0
-5709824.0
-5562368.0
-7405568.0
-7604224.0
-6580224.0
-7145472.0
-8278016.0
-9779200.0
-7772160.0
-7462912.0
-7682048.0
-5267456.0
-5728256.0
-6875136.0
-8642560.0
-7925760.0
-5058560.0
-4167680.0
-4634624.0
-5214208.0
-6524928.0
-6135808.0
-5246976.0
-6182912.0
-7413760.0
-6674432.0
-5816320.0
-7186432.0
-6246400.0
-3581952.0
-3342336.0
-7114752.0
-5869568.0
-5707776.0
-7657472.0
-8814592.0
-9003008.0
-1.0330112E7
-8415232.0
-5644288.0
-5261312.0
-6187008.0
-5181440.0
-4540416.0
-6199296.0
-6133760.0
-7413760.0
-6807552.0
-6017024.0
-3940352.0
-4188160.0
-4419584.0
-4925440.0
-3592192.0
-3313664.0
-5109760.0
-5490688.0
-6072320.0
-4503552.0
-6879232.0
-9250816.0
-8470528.0
-7587840.0
-7145472.0
-8888320.0
-9342976.0
-8122368.0
-7208960.0
-8372224.0
-1.001472E7
-9445376.0
-8046592.0
-8466432.0
-6690816.0
-7790592.0
-7094272.0
-3739648.0
-4782080.0
-5283840.0
-5728256.0
-7663616.0
-8962048.0
-9535488.0
-6983680.0
-4644864.0
-8384512.0
-9355264.0
-7426048.0
-8208384.0
-8941568.0
-6590464.0
-4268032.0
-4669440.0
-5466112.0
-6469632.0
-7049216.0
-5894144.0
-4372480.0
-5396480.0
-7182336.0
-8542208.0
-7962624.0
-7636992.0
-7260160.0
-4909056.0
-5591040.0
-6361088.0
-6541312.0
-5804032.0
-7094272.0
-7274496.0
-6176768.0
-6668288.0
-6764544.0
-5142528.0
-3231744.0
-3586048.0
-5322752.0
-5050368.0
-6866944.0
-7350272.0
-8214528.0
-9900032.0
-9668608.0
-8372224.0
-7606272.0
-7550976.0
-7981056.0
-9945088.0
-8886272.0
-6950912.0
-5955584.0
-5416960.0
-3655680.0
-3360768.0
-4630528.0
-4769792.0
-5660672.0
-6035456.0
-5283840.0
-4564992.0
-6258688.0
-8194048.0
-7063552.0
-8738816.0
-8697856.0
-5423104.0
-5437440.0
-6205440.0
-7358464.0
-5963776.0
-3543040.0
-4243456.0
-4751360.0
-5009408.0
-2711552.0
-3811328.0
-4356096.0
-5646336.0
-7477248.0
-5994496.0
-5431296.0
-5177344.0
-4849664.0
-4003840.0
-4827136.0
-7817216.0
-9428992.0
-8024064.0
-6518784.0
-5810176.0
-3303424.0
-3907584.0
-4034560.0
-2879488.0
-2498560.0
-4364288.0
-4206592.0
-4646912.0
-4075520.0
-5115904.0
-7583744.0
-5519360.0
-3291136.0
-3856384.0
-5193728.0
-6072320.0
-8228864.0
-7258112.0
-7706624.0
-6713344.0
-6373376.0
-4943872.0
-4648960.0
-4104192.0
-4876288.0
-6582272.0
-6723584.0
-4620288.0
-4392960.0
-3141632.0
-4472832.0
-5873664.0
-5832704.0
-6715392.0
-7032832.0
-6633472.0
-5337088.0
-4737024.0
-4696064.0
-4560896.0
-4018176.0
-4022272.0
-3260416.0
-4034560.0
-5824512.0
-8937472.0
-7817216.0
-8349696.0
-9295872.0
-6377472.0
-2676736.0
-3919872.0
-5421056.0
-5312512.0
-5246976.0
-4655104.0
-2850816.0
-4104192.0
-7043072.0
-7587840.0
-6289408.0
-5787648.0
-4507648.0
-4937728.0
-5771264.0
-4593664.0
-5756928.0
-4513792.0
-5076992.0
-3256320.0
-2760704.0
-2113536.0
-2174976.0
-2953216.0
-1531904.0
-2050048.0
-3985408.0
-5718016.0
-2902016.0
-1218560.0
-3973120.0
-4956160.0
-6008832.0
-7776256.0
-7206912.0
-6578176.0
-3559424.0
-3123200.0
-4769792.0
-4950016.0
-3622912.0
-3739648.0
-4966400.0
-5976064.0
-4773888.0
-2226176.0
-2887680.0
-3319808.0
-2535424.0
-1722368.0
-3295232.0
-4057088.0
-3260416.0
-1628160.0
-1335296.0
-3659776.0
-3135488.0
-1851392.0
-2363392.0
-3039232.0
-1161216.0
-1839104.0
-4710400.0
-3831808.0
-3852288.0
-4077568.0
-571392.0
-514048.0
-3803136.0
-5648384.0
-5740544.0
-3139584.0
-4261888.0
-4114432.0
-2766848.0
-2861056.0
-4157440.0
-4241408.0
-4925440.0
-5441536.0
-4313088.0
-3756032.0
-1570816.0
-1615872.0
-4251648.0
-4632576.0
-1851392.0
-364544.0
-1587200.0
-4220928.0
-3182592.0
-1089536.0
-210944.0
-3203072.0
-2580480.0
-612352.0
731136.0
1675264.0
-1607680.0
-2760704.0
-2414592.0
-2390016.0
-1558528.0
1241088.0
-497664.0
-2748416.0
-1388544.0
-1423360.0
-1587200.0
-1511424.0
-1718272.0
-1531904.0
-1839104.0
-1196032.0
-1228800.0
-1556480.0
-2322432.0
-946176.0
-16384.0
-569344.0
-618496.0
-1101824.0
-1478656.0
-1439744.0
-1660928.0
-1128448.0
-1626112.0
-4126720.0
-3313664.0
-4114432.0
-5277696.0
-4444160.0
-2541568.0
-2355200.0
-3151872.0
-2910208.0
-1228800.0
-307200.0
-196608.0
-976896.0
-3414016.0
-3915776.0
-2742272.0
-1492992.0
-1472512.0
-1280000.0
-1280000.0
401408.0
325632.0
768000.0
1282048.0
501760.0
-587776.0
-1439744.0
-2068480.0
-3078144.0
-2306048.0
-3176448.0
-3934208.0
-3168256.0
-1357824.0
1435648.0
1280000.0
-358400.0
-641024.0
-743424.0
-608256.0
-784384.0
-479232.0
-1175552.0
-489472.0
399360.0
-161792.0
1044480.0
663552.0
0.0
747520.0
331776.0
-405504.0
-3262464.0
-2791424.0
303104.0
403456.0
-1040384.0
-276480.0
1421312.0
1619968.0
3330048.0
4771840.0
4392960.0
3457024.0
1136640.0
602112.0
1716224.0
1404928.0
686080.0
657408.0
1689600.0
1667072.0
-581632.0
-1474560.0
-1708032.0
761856.0
2600960.0
604160.0
1497088.0
-657408.0
-1277952.0
866304.0
1466368.0
1083392.0
2938880.0
2654208.0
1501184.0
1957888.0
301056.0
4151296.0
6584320.0
5507072.0
3872768.0
1126400.0
1306624.0
3604480.0
3913728.0
1427456.0
-180224.0
1423360.0
1722368.0
2076672.0
3999744.0
4911104.0
4083712.0
1753088.0
2344960.0
2011136.0
1024000.0
2215936.0
2709504.0
2123776.0
1179648.0
2103296.0
4155392.0
4114432.0
3311616.0
802816.0
-741376.0
-172032.0
-741376.0
-1226752.0
1361920.0
3057664.0
1961984.0
798720.0
622592.0
180224.0
-2048000.0
-1232896.0
548864.0
-841728.0
1552384.0
2707456.0
3401728.0
1814528.0
-1368064.0
-350208.0
339968.0
2408448.0
2928640.0
3921920.0
4093952.0
3799040.0
3330048.0
3176448.0
1648640.0
2613248.0
2744320.0
2727936.0
3907584.0
3952640.0
4255744.0
3827712.0
4038656.0
3530752.0
2048000.0
2459648.0
2793472.0
1468416.0
339968.0
1783808.0
768000.0
-432128.0
1724416.0
624640.0
1349632.0
2430976.0
4057088.0
2670592.0
2289664.0
5539840.0
4759552.0
2822144.0
1343488.0
878592.0
3743744.0
2961408.0
2390016.0
3534848.0
3518464.0
2762752.0
16384.0
249856.0
2150400.0
2666496.0
1263616.0
2586624.0
3321856.0
2648064.0
3852288.0
2650112.0
4038656.0
5206016.0
3923968.0
2762752.0
2476032.0
4771840.0
5154816.0
4837376.0
4345856.0
2689024.0
2185216.0
3579904.0
4616192.0
5251072.0
4442112.0
2476032.0
3465216.0
3108864.0
843776.0
1779712.0
2562048.0
3053568.0
3178496.0
2326528.0
2709504.0
5382144.0
6774784.0
4173824.0
3248128.0
3266560.0
1579008.0
1560576.0
2504704.0
2795520.0
3799040.0
5675008.0
3028992.0
2076672.0
3762176.0
2705408.0
1673216.0
1452032.0
1683456.0
2594816.0
5126144.0
6748160.0
7096320.0
5691392.0
3233792.0
2095104.0
3848192.0
4757504.0
4722688.0
2297856.0
3686400.0
3762176.0
2535424.0
3065856.0
2488320.0
4941824.0
6436864.0
5208064.0
6768640.0
5986304.0
2457600.0
694272.0
884736.0
2185216.0
2277376.0
557056.0
133120.0
2873344.0
1214464.0
-231424.0
-892928.0
739328.0
4442112.0
6715392.0
5648384.0
4519936.0
4573184.0
4302848.0
2514944.0
5650432.0
5412864.0
2191360.0
1892352.0
186368.0
382976.0
2963456.0
1730560.0
1536000.0
3469312.0
4227072.0
4356096.0
2598912.0
1402880.0
1667072.0
1611776.0
337920.0
2510848.0
2848768.0
3645440.0
2484224.0
690176.0
3454976.0
5705728.0
5312512.0
4415488.0
4012032.0
3581952.0
4120576.0
3291136.0
3502080.0
4714496.0
4956160.0
5478400.0
7544832.0
8314880.0
7081984.0
7923712.0
5142528.0
2463744.0
2500608.0
4677632.0
4368384.0
4429824.0
5095424.0
3729408.0
2977792.0
3096576.0
2613248.0
3401728.0
5318656.0
4114432.0
2789376.0
4315136.0
4382720.0
4579328.0
6322176.0
6221824.0
5664768.0
7591936.0
7475200.0
4931584.0
3840000.0
5910528.0
7364608.0
7403520.0
8949760.0
8359936.0
7399424.0
8245248.0
7161856.0
5150720.0
4761600.0
5369856.0
6344704.0
5863424.0
8513536.0
8140800.0
8278016.0
6809600.0
5488640.0
6498304.0
7211008.0
7278592.0
6449152.0
5814272.0
6246400.0
6332416.0
7915520.0
7428096.0
3971072.0
4507648.0
5197824.0
7319552.0
8218624.0
6719488.0
7245824.0
7190528.0
6418432.0
7186432.0
9357312.0
9355264.0
9730048.0
9166848.0
8808448.0
1.0682368E7
1.1784192E7
1.2152832E7
1.0561536E7
1.0795008E7
1.115136E7
9412608.0
7673856.0
7133184.0
7299072.0
9181184.0
8349696.0
5595136.0
4868096.0
6486016.0
6479872.0
6240256.0
4970496.0
3840000.0
5734400.0
6105088.0
8001536.0
8265728.0
7086080.0
8105984.0
7583744.0
8597504.0
9914368.0
8622080.0
7122944.0
8771584.0
9732096.0
9234432.0
8585216.0
6981632.0
9367552.0
9732096.0
6922240.0
7776256.0
8423424.0
8388608.0
7602176.0
6912000.0
6940672.0
4786176.0
4929536.0
6047744.0
4984832.0
4573184.0
4089856.0
5679104.0
5963776.0
5613568.0
4968448.0
3917824.0
4868096.0
6238208.0
6141952.0
2912256.0
1165312.0
2447360.0
2979840.0
477184.0
-2283520.0
-3065856.0
-3811328.0
-4259840.0
-3588096.0
-4282368.0
-4505600.0
-5761024.0
-6596608.0
-4999168.0
-3977216.0
-5472256.0
-6643712.0
-6209536.0
-7684096.0
-8986624.0
-9945088.0
-9658368.0
-1.1036672E7
-1.4364672E7
-1.601536E7
-1.7833984E7
-1.9075072E7
-2.0533248E7
-2.2841344E7
-2.7107328E7
-2.9597696E7
-2.9997056E7
-3.1926272E7
-3.556352E7
-3.6685824E7
-3.907584E7
-4.2180608E7
-4.450304E7
-4.8224256E7
-5.1992576E7
-5.4110208E7
-5.5048192E7
-5.761024E7
-6.0735488E7
-6.4401408E7
-6.7868672E7
-7.1778304E7
-7.5360256E7
-7.9560704E7
-8.5481472E7
-9.0169344E7
-9.3816832E7
-9.6669696E7
-1.0108928E8
-1.05904128E8
-1.10833664E8
-1.18296576E8
-1.24133376E8
-1.29234944E8
-1.33193728E8
-1.375232E8
-1.44263168E8
-1.50667264E8
-1.59004672E8
-1.65318656E8
-1.70913792E8
-1.7467392E8
-1.81198848E8
-1.89227008E8
-1.96534272E8
-2.0644864E8
-2.13557248E8
-2.21175808E8
-2.28620288E8
-2.37019136E8
-2.44209664E8
-2.5110528E8
-2.6228736E8
-2.75337216E8
-2.83994112E8
-2.92675584E8
-3.02364672E8
-3.1315968E8
-3.25074944E8
-3.36623616E8
-3.462656E8
-3.57875712E8
-3.6891648E8
-3.79215872E8
-3.91960576E8
-4.03873792E8
-4.15496192E8
-4.27012096E8
-4.3943936E8
-4.51620864E8
-4.6388224E8
-4.78337024E8
-4.924416E8
-5.05100288E8
-5.1826688E8
-5.32992E8
-5.4742016E8
-5.63093504E8
-5.79930112E8
-5.95728384E8
-6.11919872E8
-6.26085888E8
-6.41142784E8
-6.55702016E8
-6.71561728E8
-6.89266688E8
-7.08237312E8
-7.26669312E8
-7.43544832E8
-7.60731648E8
-7.76521728E8
-7.93843712E8
-8.12433408E8
-8.31412224E8
-8.48990208E8
-8.67504128E8
-8.87709696E8
-9.06637312E8
-9.26529536E8
-9.4646272E8
-9.64870144E8
-9.84414208E8
-1.003749376E9
-1.02540288E9
-1.04655872E9
-1.066264576E9
-1.086593024E9
-1.10777344E9
-1.1293184E9
-1.148655616E9
-1.169629184E9
-1.189658624E9
-1.211942912E9
-1.233979392E9
-1.254709248E9
-1.276956672E9
-1.301260288E9
-1.322930176E9
-1.344186368E9
-1.365559296E9
-1.388965888E9
-1.41166592E9
-1.433976832E9
-1.457661952E9
-1.47969024E9
-1.501175808E9
-1.523929088E9
-1.54656768E9
-1.56931072E9
-1.590528E9
-1.613559808E9
