# File created = Monday, January 27, 2025 at 5:05:04 PM Greenwich Mean Time
# Data set = 2025-01-15-AH-BIO-03  140  1  /Users/alexhill/Downloads/2025-01-15-2025-01-15-AH-BIO-NMR
# Spectral Region:
# LEFT = 16.239290237426758 ppm. RIGHT = -3.8892911404150006 ppm.
#
# SIZE = 8192 ( = number of points)
#
# In the following ordering is from the 'left' to the 'right' limits!
# Lines beginning with '#' must be considered as comment lines.
#
-2.137929728E9
-2.10953216E9
-2.080094208E9
-2.049261568E9
-2.020550656E9
-1.991419904E9
-1.961375744E9
-1.932879872E9
-1.904310272E9
-1.874583552E9
-1.845366784E9
-1.815371776E9
-1.786812416E9
-1.759350784E9
-1.729591296E9
-1.701490688E9
-1.673066496E9
-1.644548096E9
-1.616011264E9
-1.587849216E9
-1.559574528E9
-1.534339072E9
-1.507801088E9
-1.480067072E9
-1.454956544E9
-1.428707328E9
-1.402793984E9
-1.3742592E9
-1.347227648E9
-1.321156608E9
-1.295878144E9
-1.269405696E9
-1.243754496E9
-1.220939776E9
-1.195436032E9
-1.171791872E9
-1.148895232E9
-1.124315136E9
-1.098790912E9
-1.073840128E9
-1.049778176E9
-1.028835328E9
-1.006272512E9
-9.82505472E8
-9.60088064E8
-9.38719232E8
-9.15843072E8
-8.93468672E8
-8.73271296E8
-8.5282816E8
-8.31993856E8
-8.09928704E8
-7.88813824E8
-7.68462848E8
-7.50206976E8
-7.33054976E8
-7.13869312E8
-6.94654976E8
-6.77865472E8
-6.61458944E8
-6.4524288E8
-6.27574784E8
-6.08550912E8
-5.90311424E8
-5.73589504E8
-5.5684096E8
-5.40311552E8
-5.25907968E8
-5.12202752E8
-4.98788352E8
-4.83803136E8
-4.70642688E8
-4.5733888E8
-4.38994944E8
-4.24577024E8
-4.129792E8
-3.98485504E8
-3.8537216E8
-3.73880832E8
-3.63292672E8
-3.53900544E8
-3.43126016E8
-3.31720704E8
-3.21685504E8
-3.08453376E8
-2.98340352E8
-2.88589824E8
-2.78882304E8
-2.69021184E8
-2.59651584E8
-2.51508736E8
-2.42440192E8
-2.32763392E8
-2.22726144E8
-2.13577728E8
-2.06891008E8
-2.00886272E8
-1.8971648E8
-1.8294784E8
-1.75839232E8
-1.698816E8
-1.6256E8
-1.55738112E8
-1.5166464E8
-1.46255872E8
-1.40877824E8
-1.33863424E8
-1.26240768E8
-1.19791616E8
-1.14970624E8
-1.11036416E8
-1.04562688E8
-1.00524032E8
-9.6022528E7
-9.2946432E7
-9.1101184E7
-8.6528E7
-8.0451584E7
-7.5976704E7
-7.4686464E7
-7.3551872E7
-6.933504E7
-6.6502656E7
-6.5447936E7
-6.0870656E7
-5.8382336E7
-5.625856E7
-5.5451648E7
-5.4657024E7
-5.208064E7
-4.6573568E7
-4.3999232E7
-4.3667456E7
-4.1644032E7
-3.8600704E7
-3.7285888E7
-3.6120576E7
-3.227648E7
-2.961408E7
-2.8227584E7
-2.7344896E7
-2.5595904E7
-2.496512E7
-2.5974784E7
-2.5266176E7
-2.4840192E7
-2.2847488E7
-2.1020672E7
-1.9372032E7
-1.7340416E7
-1.6289792E7
-1.6687104E7
-1.644544E7
-1.6795648E7
-1.6789504E7
-1.8333696E7
-1.8108416E7
-1.3674496E7
-1.1907072E7
-1.3666304E7
-1.412096E7
-1.3457408E7
-1.3991936E7
-1.2834816E7
-1.0442752E7
-8454144.0
-9226240.0
-1.052672E7
-9697280.0
-1.0278912E7
-1.0682368E7
-1.0625024E7
-1.004544E7
-9283584.0
-8462336.0
-7942144.0
-7141376.0
-6715392.0
-6342656.0
-5197824.0
-5271552.0
-5853184.0
-8886272.0
-1.0102784E7
-7401472.0
-6995968.0
-1.0409984E7
-9797632.0
-9332736.0
-9412608.0
-6498304.0
-4945920.0
-7196672.0
-8024064.0
-8144896.0
-9424896.0
-9306112.0
-7231488.0
-6873088.0
-5912576.0
-6961152.0
-1.0078208E7
-9125888.0
-7915520.0
-8493056.0
-6612992.0
-9244672.0
-1.0682368E7
-8538112.0
-7809024.0
-6711296.0
-8247296.0
-6842368.0
-6619136.0
-8228864.0
-8634368.0
-7262208.0
-7610368.0
-9281536.0
-1.0002432E7
-1.0776576E7
-8771584.0
-8482816.0
-8075264.0
-5965824.0
-7432192.0
-8755200.0
-8873984.0
-8390656.0
-8454144.0
-7327744.0
-6166528.0
-7165952.0
-5736448.0
-4900864.0
-3850240.0
-4575232.0
-6328320.0
-7700480.0
-7815168.0
-6141952.0
-5881856.0
-4978688.0
-5787648.0
-7702528.0
-7720960.0
-8294400.0
-8658944.0
-8153088.0
-9209856.0
-8800256.0
-8298496.0
-6871040.0
-7639040.0
-6680576.0
-7004160.0
-8067072.0
-6553600.0
-7608320.0
-8859648.0
-6985728.0
-7391232.0
-8310784.0
-9023488.0
-9058304.0
-6918144.0
-8972288.0
-9453568.0
-9308160.0
-9781248.0
-8493056.0
-8173568.0
-9922560.0
-1.1096064E7
-1.1165696E7
-1.0029056E7
-9639936.0
-1.0283008E7
-1.0237952E7
-9658368.0
-1.101824E7
-9506816.0
-9523200.0
-1.1925504E7
-8966144.0
-8103936.0
-5838848.0
-3862528.0
-5443584.0
-6463488.0
-6922240.0
-7090176.0
-6252544.0
-7233536.0
-7260160.0
-5703680.0
-6393856.0
-6649856.0
-6598656.0
-7305216.0
-8439808.0
-8826880.0
-8333312.0
-8738816.0
-7841792.0
-4933632.0
-2621440.0
-3012608.0
-3100672.0
-2228224.0
-5869568.0
-7417856.0
-6135808.0
-5281792.0
-4261888.0
-3921920.0
-3528704.0
-1945600.0
-3215360.0
-3088384.0
-3135488.0
-2205696.0
-1343488.0
-3577856.0
-3411968.0
-1583104.0
-2840576.0
-1628160.0
-1787904.0
-3172352.0
-3057664.0
-3835904.0
-3926016.0
-4902912.0
-6332416.0
-5738496.0
-6723584.0
-7153664.0
-6094848.0
-5773312.0
-3997696.0
-5494784.0
-7794688.0
-8046592.0
-5746688.0
-4954112.0
-5355520.0
-4689920.0
-5255168.0
-7204864.0
-7639040.0
-6217728.0
-4628480.0
-4896768.0
-6084608.0
-8136704.0
-5527552.0
-3028992.0
-3090432.0
-3151872.0
-3868672.0
-4573184.0
-3602432.0
-5433344.0
-7022592.0
-6205440.0
-4116480.0
-3074048.0
-4362240.0
-6092800.0
-5400576.0
-4501504.0
-2828288.0
-1210368.0
-1998848.0
-1529856.0
-2185216.0
-3969024.0
-4587520.0
-3837952.0
88064.0
1472512.0
671744.0
-1888256.0
-2666496.0
-2666496.0
-3903488.0
-3170304.0
-4034560.0
-2535424.0
-1896448.0
-2117632.0
-3424256.0
-4569088.0
-5871616.0
-4280320.0
-3323904.0
-2983936.0
-393216.0
-1263616.0
-1525760.0
464896.0
-1345536.0
-1931264.0
-1280000.0
-215040.0
-1966080.0
-2709504.0
-1968128.0
-2252800.0
-1032192.0
-954368.0
1116160.0
724992.0
-2033664.0
-2109440.0
-1910784.0
-313344.0
-851968.0
-1255424.0
-2369536.0
-2529280.0
-698368.0
-1484800.0
-3053568.0
-2705408.0
-1579008.0
-167936.0
964608.0
1730560.0
-1124352.0
-2074624.0
-2142208.0
-3057664.0
-3420160.0
-2572288.0
-980992.0
-1091584.0
-1034240.0
-2500608.0
-3524608.0
-3586048.0
-3299328.0
-1738752.0
-450560.0
-2439168.0
-2183168.0
-2168832.0
-2179072.0
-2052096.0
-3166208.0
-3629056.0
-2826240.0
-2308096.0
-854016.0
-1415168.0
-3049472.0
-5113856.0
-4030464.0
-5609472.0
-5144576.0
-4730880.0
-4407296.0
-4530176.0
-3821568.0
-5023744.0
-4483072.0
-2729984.0
-1429504.0
-997376.0
-1167360.0
-921600.0
-2725888.0
-2785280.0
-4188160.0
-3688448.0
-3377152.0
-1845248.0
-2588672.0
-1677312.0
159744.0
1148928.0
1468416.0
841728.0
382976.0
-1142784.0
-1234944.0
-1853440.0
-2721792.0
-733184.0
-2512896.0
-3311616.0
-3993600.0
-4134912.0
-2816000.0
780288.0
223232.0
-1349632.0
-2721792.0
-2097152.0
-1685504.0
-1208320.0
-24576.0
-73728.0
2422784.0
1947648.0
1800192.0
645120.0
-172032.0
-817152.0
-1058816.0
-1865728.0
-2770944.0
-2228224.0
-1259520.0
-1882112.0
-2353152.0
-1380352.0
-847872.0
-249856.0
-591872.0
1648640.0
1906688.0
79872.0
-2172928.0
77824.0
923648.0
2230272.0
3807232.0
2164736.0
350208.0
-489472.0
952320.0
778240.0
378880.0
-1079296.0
-270336.0
-1515520.0
-409600.0
-120832.0
641024.0
-204800.0
-378880.0
-2273280.0
-2529280.0
-892928.0
57344.0
-915456.0
-2168832.0
466944.0
-733184.0
-1781760.0
-2861056.0
-1970176.0
-1624064.0
-2795520.0
-3246080.0
-2863104.0
-966656.0
180224.0
1552384.0
1185792.0
673792.0
-73728.0
-1662976.0
-821248.0
-987136.0
-2297856.0
-1306624.0
425984.0
-786432.0
-1701888.0
-1101824.0
-270336.0
-350208.0
387072.0
356352.0
-169984.0
206848.0
-710656.0
-1323008.0
-258048.0
487424.0
288768.0
-1265664.0
-2899968.0
-1859584.0
-550912.0
-1777664.0
-3020800.0
-3090432.0
-4589568.0
-2617344.0
-1193984.0
65536.0
0.0
-1296384.0
2471936.0
2918400.0
22528.0
112640.0
1443840.0
1144832.0
382976.0
-475136.0
-849920.0
417792.0
741376.0
-860160.0
413696.0
-280576.0
-1314816.0
-1953792.0
-2369536.0
-878592.0
1011712.0
114688.0
-512000.0
235520.0
1779712.0
3125248.0
3115008.0
1792000.0
837632.0
1284096.0
-65536.0
-370688.0
-1437696.0
-319488.0
1675264.0
2541568.0
1402880.0
188416.0
-811008.0
-409600.0
530432.0
-272384.0
100352.0
-1124352.0
1028096.0
1542144.0
1710080.0
374784.0
-1001472.0
-765952.0
-352256.0
2308096.0
1697792.0
1085440.0
1220608.0
321536.0
-18432.0
2492416.0
387072.0
22528.0
188416.0
1277952.0
2457600.0
616448.0
2232320.0
3295232.0
1097728.0
1220608.0
2168832.0
2816000.0
4651008.0
5621760.0
4890624.0
3708928.0
3584000.0
3180544.0
2848768.0
2351104.0
1636352.0
2164736.0
2342912.0
1323008.0
1712128.0
2230272.0
1695744.0
862208.0
1458176.0
2875392.0
4071424.0
4151296.0
2316288.0
2719744.0
3964928.0
2557952.0
5283840.0
4485120.0
2248704.0
1298432.0
-149504.0
-378880.0
923648.0
2035712.0
-835584.0
501760.0
1056768.0
1505280.0
2508800.0
1945600.0
-88064.0
161792.0
-1343488.0
-3213312.0
507904.0
2631680.0
708608.0
710656.0
1964032.0
1845248.0
1740800.0
1165312.0
2201600.0
2451456.0
2658304.0
1263616.0
1353728.0
714752.0
2775040.0
3485696.0
1556480.0
1218560.0
-126976.0
937984.0
4220928.0
4026368.0
3467264.0
2881536.0
2983936.0
2936832.0
4591616.0
4980736.0
2861056.0
3268608.0
3848192.0
1812480.0
2416640.0
4792320.0
5312512.0
5701632.0
5855232.0
3719168.0
3489792.0
4497408.0
1974272.0
2166784.0
1314816.0
446464.0
-655360.0
1091584.0
-380928.0
-1677312.0
-268288.0
1685504.0
2367488.0
2445312.0
1718272.0
1959936.0
2308096.0
1173504.0
1660928.0
2230272.0
1609728.0
2959360.0
2455552.0
1740800.0
4278272.0
3788800.0
3409920.0
2592768.0
1079296.0
225280.0
-129024.0
950272.0
1458176.0
2000896.0
2865152.0
1406976.0
1263616.0
4079616.0
6688768.0
5228544.0
3682304.0
4487168.0
1730560.0
2842624.0
4585472.0
3309568.0
4329472.0
3485696.0
2750464.0
2308096.0
3317760.0
3162112.0
2908160.0
3467264.0
1376256.0
1505280.0
2205696.0
-882688.0
-2576384.0
-3108864.0
-649216.0
1785856.0
3946496.0
4218880.0
3059712.0
3747840.0
4636672.0
4548608.0
3368960.0
966656.0
663552.0
1927168.0
1775616.0
1544192.0
1316864.0
880640.0
1724416.0
20480.0
536576.0
1144832.0
-1826816.0
-1185792.0
1890304.0
2357248.0
2174976.0
2058240.0
960512.0
1933312.0
2467840.0
3950592.0
5134336.0
5386240.0
5326848.0
6699008.0
8314880.0
7071744.0
4720640.0
3979264.0
3833856.0
3475456.0
3164160.0
6506496.0
7223296.0
6627328.0
4737024.0
3770368.0
4476928.0
4665344.0
4372480.0
5359616.0
6443008.0
6940672.0
6039552.0
3395584.0
4630528.0
4616192.0
1347584.0
1349632.0
1570816.0
2795520.0
4040704.0
2580480.0
2797568.0
4083712.0
3151872.0
2342912.0
3450880.0
2508800.0
1509376.0
759808.0
3479552.0
5941248.0
4777984.0
4237312.0
5423104.0
5658624.0
5029888.0
1695744.0
2580480.0
2510848.0
2508800.0
1290240.0
716800.0
2054144.0
3936256.0
6084608.0
4431872.0
4298752.0
3821568.0
5249024.0
4265984.0
4438016.0
5363712.0
4780032.0
4476928.0
5347328.0
5074944.0
4192256.0
2736128.0
2168832.0
5611520.0
6658048.0
4038656.0
1857536.0
1712128.0
3387392.0
3241984.0
3512320.0
3246080.0
6508544.0
7845888.0
6072320.0
7561216.0
5728256.0
7522304.0
6940672.0
5249024.0
5070848.0
4698112.0
3887104.0
4644864.0
3948544.0
4771840.0
5812224.0
5072896.0
4892672.0
5472256.0
4919296.0
3016704.0
3352576.0
4952064.0
3131392.0
2484224.0
4136960.0
2093056.0
3045376.0
3426304.0
3620864.0
4147200.0
4507648.0
5136384.0
6901760.0
5875712.0
3702784.0
4388864.0
6107136.0
3309568.0
3803136.0
2557952.0
1929216.0
2478080.0
2856960.0
3231744.0
5212160.0
8269824.0
8978432.0
8540160.0
7034880.0
6862848.0
4147200.0
4311040.0
3266560.0
4218880.0
4478976.0
3557376.0
4046848.0
5502976.0
6467584.0
7622656.0
5638144.0
3792896.0
5779456.0
4728832.0
4816896.0
4628480.0
6072320.0
4628480.0
5048320.0
7624704.0
5240832.0
3424256.0
4521984.0
7645184.0
8116224.0
7329792.0
7479296.0
7194624.0
5187584.0
4591616.0
4132864.0
4628480.0
4368384.0
6293504.0
4333568.0
858112.0
2121728.0
3069952.0
3244032.0
5457920.0
5849088.0
7698432.0
8775680.0
6832128.0
6606848.0
5980160.0
5044224.0
5650432.0
6555648.0
5109760.0
5126144.0
5847040.0
7032832.0
6328320.0
3979264.0
3756032.0
5498880.0
5892096.0
6209536.0
3143680.0
1808384.0
4616192.0
5830656.0
5445632.0
6850560.0
6553600.0
6086656.0
3526656.0
3508224.0
5842944.0
6733824.0
8443904.0
9332736.0
9385984.0
8982528.0
9066496.0
7639040.0
6137856.0
6436864.0
7372800.0
6060032.0
5308416.0
4618240.0
5195776.0
4575232.0
2099200.0
2576384.0
4270080.0
4931584.0
4777984.0
7186432.0
7518208.0
5709824.0
4501504.0
5267456.0
6316032.0
2865152.0
3006464.0
4804608.0
4829184.0
4999168.0
2725888.0
3762176.0
4163584.0
2416640.0
4210688.0
4988928.0
5117952.0
5545984.0
5863424.0
3500032.0
1521664.0
1388544.0
2623488.0
3463168.0
4222976.0
3950592.0
5343232.0
7012352.0
6264832.0
4780032.0
4341760.0
5720064.0
5724160.0
5433344.0
4562944.0
4784128.0
5193728.0
3981312.0
4554752.0
4730880.0
4700160.0
5394432.0
5533696.0
8142848.0
6254592.0
2828288.0
3776512.0
5138432.0
3530752.0
2115584.0
3852288.0
5619712.0
6291456.0
5986304.0
6262784.0
4005888.0
1601536.0
3512320.0
4517888.0
4956160.0
6641664.0
5136384.0
4651008.0
5683200.0
4935680.0
4483072.0
3917824.0
6795264.0
9269248.0
6879232.0
7030784.0
7704576.0
5924864.0
5808128.0
4937728.0
6090752.0
7481344.0
8019968.0
7079936.0
5908480.0
6580224.0
4798464.0
6250496.0
8343552.0
7251968.0
4749312.0
4337664.0
7972864.0
7501824.0
4986880.0
4024320.0
6682624.0
7680000.0
5363712.0
5840896.0
7030784.0
6887424.0
4884480.0
3969024.0
4202496.0
6729728.0
8884224.0
7798784.0
7606272.0
7387136.0
7028736.0
5992448.0
5939200.0
5830656.0
6029312.0
5398528.0
4450304.0
6551552.0
6422528.0
5748736.0
7292928.0
7170048.0
6219776.0
6973440.0
6230016.0
6307840.0
7352320.0
7135232.0
6526976.0
5697536.0
5234688.0
6678528.0
6608896.0
7753728.0
9015296.0
7329792.0
6297600.0
5535744.0
4714496.0
5844992.0
7364608.0
8099840.0
9107456.0
8364032.0
7690240.0
8114176.0
7915520.0
8740864.0
8513536.0
7874560.0
5548032.0
4296704.0
4839424.0
4415488.0
6000640.0
8065024.0
8009728.0
6125568.0
4612096.0
4579328.0
4182016.0
6047744.0
7710720.0
6803456.0
6701056.0
6060032.0
6033408.0
5257216.0
6596608.0
6469632.0
7032832.0
8556544.0
6852608.0
6227968.0
3917824.0
5621760.0
7649280.0
6557696.0
6406144.0
6088704.0
7510016.0
6748160.0
5060608.0
5328896.0
5709824.0
6895616.0
8108032.0
8155136.0
9027584.0
6918144.0
6344704.0
6084608.0
8392704.0
9920512.0
1.067008E7
9334784.0
7647232.0
9183232.0
9222144.0
1.0334208E7
7419904.0
6737920.0
7319552.0
5414912.0
6053888.0
5783552.0
5478400.0
5011456.0
5275648.0
5226496.0
4259840.0
5898240.0
6090752.0
6531072.0
7489536.0
7475200.0
6029312.0
5486592.0
3282944.0
5165056.0
8656896.0
8132608.0
8249344.0
8808448.0
9998336.0
7524352.0
3608576.0
3831808.0
4419584.0
5150720.0
3117056.0
2883584.0
3604480.0
3710976.0
4757504.0
4952064.0
2717696.0
1069056.0
1724416.0
1288192.0
3368960.0
4124672.0
4739072.0
5259264.0
5830656.0
6043648.0
7428096.0
5871616.0
4278272.0
8316928.0
8935424.0
7731200.0
6213632.0
4599808.0
5388288.0
7036928.0
6993920.0
6649856.0
7151616.0
6617088.0
5761024.0
5726208.0
5396480.0
4978688.0
3301376.0
2277376.0
4364288.0
3377152.0
3995648.0
5724160.0
5701632.0
7626752.0
7321600.0
7542784.0
7747584.0
7264256.0
7122944.0
8589312.0
6006784.0
1921024.0
3618816.0
5965824.0
7464960.0
7864320.0
7972864.0
6098944.0
5085184.0
3878912.0
3500032.0
3889152.0
4595712.0
5367808.0
5431296.0
2629632.0
2791424.0
4544512.0
4122624.0
6033408.0
5513216.0
5683200.0
5519360.0
3874816.0
4677632.0
5130240.0
5462016.0
5310464.0
4456448.0
6971392.0
8753152.0
5341184.0
2664448.0
2912256.0
3801088.0
3018752.0
2988032.0
4280320.0
4034560.0
5201920.0
3344384.0
4730880.0
7299072.0
4753408.0
4096000.0
5242880.0
6299648.0
3088384.0
3043328.0
5083136.0
5785600.0
5492736.0
5621760.0
6281216.0
5705728.0
8208384.0
7888896.0
6430720.0
6176768.0
6807552.0
9551872.0
9791488.0
6555648.0
6131712.0
6066176.0
5847040.0
5068800.0
4638720.0
5404672.0
6721536.0
5064704.0
5357568.0
6070272.0
5050368.0
6037504.0
5070848.0
4511744.0
4128768.0
3600384.0
4616192.0
6703104.0
5998592.0
3653632.0
3766272.0
5300224.0
4980736.0
3852288.0
5552128.0
6537216.0
6197248.0
6623232.0
6172672.0
7530496.0
8609792.0
7538688.0
6998016.0
5910528.0
4374528.0
3874816.0
4542464.0
7178240.0
7692288.0
6678528.0
6189056.0
7159808.0
7827456.0
8404992.0
8267776.0
5421056.0
4188160.0
3418112.0
2357248.0
1091584.0
2230272.0
3428352.0
3264512.0
5773312.0
5693440.0
6156288.0
6526976.0
3422208.0
2826240.0
4093952.0
3467264.0
3938304.0
3446784.0
4618240.0
4608000.0
3618816.0
3358720.0
5273600.0
4919296.0
5070848.0
8669184.0
7303168.0
4765696.0
4231168.0
5101568.0
5967872.0
5670912.0
4722688.0
2091008.0
3229696.0
5505024.0
5214208.0
8243200.0
7974912.0
4679680.0
3885056.0
5197824.0
6156288.0
7497728.0
7417856.0
6668288.0
6694912.0
6699008.0
6297600.0
7516160.0
5462016.0
4691968.0
4980736.0
5414912.0
5988352.0
8071168.0
8198144.0
9474048.0
8822784.0
4751360.0
3854336.0
5627904.0
7102464.0
5453824.0
5867520.0
5326848.0
4749312.0
6756352.0
6778880.0
5914624.0
4704256.0
5124096.0
5394432.0
3512320.0
5373952.0
8370176.0
8734720.0
8007680.0
5369856.0
4278272.0
4411392.0
4429824.0
4114432.0
3334144.0
4745216.0
5136384.0
7399424.0
5269504.0
2826240.0
2469888.0
4974592.0
3540992.0
1396736.0
2899968.0
5097472.0
5613568.0
5640192.0
4028416.0
3565568.0
2088960.0
1169408.0
1124352.0
1044480.0
1011712.0
1425408.0
3831808.0
5713920.0
6105088.0
5828608.0
5836800.0
5017600.0
5578752.0
5136384.0
5236736.0
4427776.0
5117952.0
4270080.0
5779456.0
6060032.0
5785600.0
7094272.0
6885376.0
5783552.0
6303744.0
7886848.0
9566208.0
7481344.0
4800512.0
3080192.0
4360192.0
7632896.0
9375744.0
8480768.0
8282112.0
7018496.0
3428352.0
2260992.0
3063808.0
3663872.0
2549760.0
3604480.0
3698688.0
3971072.0
3037184.0
1021952.0
2539520.0
1892352.0
219136.0
-817152.0
135168.0
1021952.0
-483328.0
-319488.0
241664.0
442368.0
878592.0
4247552.0
3813376.0
3608576.0
1695744.0
-1480704.0
-1609728.0
57344.0
-192512.0
96256.0
1644544.0
3491840.0
5203968.0
1607680.0
-1189888.0
-1222656.0
-2686976.0
-868352.0
1906688.0
2985984.0
2011136.0
1839104.0
4007936.0
3072000.0
5021696.0
5181440.0
4128768.0
3516416.0
2426880.0
4683776.0
5660672.0
4618240.0
4947968.0
4284416.0
3354624.0
3411968.0
3100672.0
1021952.0
-83968.0
1064960.0
1554432.0
2813952.0
3340288.0
2500608.0
3803136.0
3883008.0
2555904.0
3672064.0
3676160.0
2365440.0
2445312.0
1253376.0
1654784.0
3684352.0
4538368.0
4796416.0
3680256.0
1988608.0
1968128.0
3411968.0
5519360.0
5709824.0
4218880.0
3129344.0
5095424.0
5535744.0
5564416.0
5029888.0
3319808.0
2277376.0
835584.0
1900544.0
3434496.0
5148672.0
4698112.0
4067328.0
3233792.0
3584000.0
2797568.0
3518464.0
4278272.0
3106816.0
4315136.0
3704832.0
3766272.0
7196672.0
7069696.0
4466688.0
2953216.0
3532800.0
5144576.0
4521984.0
3033088.0
3098624.0
3309568.0
2664448.0
2473984.0
1792000.0
808960.0
2248704.0
3039232.0
4349952.0
2729984.0
366592.0
2174976.0
2953216.0
2232320.0
1103872.0
2246656.0
4290560.0
4063232.0
3137536.0
2197504.0
-59392.0
-899072.0
-1329152.0
-686080.0
-571392.0
-1869824.0
-1882112.0
-1546240.0
651264.0
1955840.0
2371584.0
2383872.0
1120256.0
1765376.0
1382400.0
2596864.0
3551232.0
3930112.0
2832384.0
1726464.0
782336.0
1386496.0
835584.0
372736.0
1224704.0
4302848.0
5406720.0
4186112.0
4057088.0
3172352.0
4407296.0
3110912.0
309248.0
2119680.0
2496512.0
417792.0
788480.0
1703936.0
2242560.0
1593344.0
1777664.0
3321856.0
4382720.0
3749888.0
5425152.0
4745216.0
2652160.0
2596864.0
2576384.0
51200.0
-428032.0
-1325056.0
-333824.0
1445888.0
1224704.0
985088.0
1906688.0
1429504.0
755712.0
1478656.0
2797568.0
3756032.0
3022848.0
3665920.0
4608000.0
2945024.0
595968.0
2428928.0
2609152.0
1454080.0
931840.0
36864.0
749568.0
1191936.0
1390592.0
3721216.0
6447104.0
4972544.0
4759552.0
6191104.0
5541888.0
3872768.0
-153600.0
2813952.0
4870144.0
2861056.0
2488320.0
2289664.0
1488896.0
3467264.0
4798464.0
1906688.0
415744.0
45056.0
2373632.0
2154496.0
3278848.0
4917248.0
2201600.0
608256.0
3289088.0
3108864.0
225280.0
358400.0
196608.0
800768.0
1042432.0
2945024.0
2041856.0
-874496.0
-204800.0
1300480.0
802816.0
501760.0
1011712.0
3344384.0
3442688.0
3086336.0
3698688.0
5027840.0
3098624.0
215040.0
2080768.0
3348480.0
2111488.0
1294336.0
1294336.0
-399360.0
-296960.0
-870400.0
1024000.0
1736704.0
579584.0
931840.0
2267136.0
2971648.0
-751616.0
-2158592.0
-657408.0
174080.0
950272.0
2002944.0
2258944.0
2252800.0
4179968.0
2936832.0
3270656.0
749568.0
-868352.0
1558528.0
206848.0
1062912.0
405504.0
-354304.0
-98304.0
1112064.0
487424.0
618496.0
1300480.0
1783808.0
169984.0
-950272.0
-43008.0
-1218560.0
-647168.0
532480.0
497664.0
-798720.0
-1933312.0
-2791424.0
-249856.0
1245184.0
1030144.0
149504.0
1075200.0
-405504.0
-1554432.0
-352256.0
-452608.0
-1501184.0
-454656.0
-491520.0
858112.0
2334720.0
147456.0
-1005568.0
397312.0
1355776.0
2000896.0
872448.0
-301056.0
-1277952.0
-2869248.0
-61440.0
-1323008.0
-1572864.0
-1552384.0
-2533376.0
-1398784.0
1253376.0
933888.0
-278528.0
-628736.0
-2449408.0
-1925120.0
-2199552.0
-2500608.0
-997376.0
98304.0
61440.0
-684032.0
-1769472.0
-1982464.0
-512000.0
-1875968.0
-2820096.0
-4542464.0
-3510272.0
1024000.0
3461120.0
4612096.0
3100672.0
569344.0
53248.0
-911360.0
-485376.0
886784.0
958464.0
-88064.0
-2428928.0
-2353152.0
-3930112.0
-2676736.0
-888832.0
-1843200.0
-1632256.0
-2105344.0
-2410496.0
-958464.0
-63488.0
-1044480.0
-233472.0
-1896448.0
-2596864.0
-3205120.0
-1787904.0
-1910784.0
-2717696.0
-2797568.0
-1712128.0
-2768896.0
-2957312.0
-1431552.0
-3227648.0
-4515840.0
-3088384.0
-2043904.0
-2867200.0
-4016128.0
-5840896.0
-3004416.0
-3203072.0
-2115584.0
309248.0
2050048.0
278528.0
559104.0
-2322432.0
-3311616.0
-3047424.0
-2146304.0
-1480704.0
-4061184.0
-1992704.0
-4096.0
-493568.0
-2154496.0
-2721792.0
-2357248.0
-1900544.0
-2785280.0
-3817472.0
-3018752.0
-1867776.0
1091584.0
493568.0
-1097728.0
-2009088.0
-2521088.0
-3766272.0
-3934208.0
-3117056.0
-2211840.0
-2449408.0
-4204544.0
-4792320.0
-5345280.0
-5830656.0
-4728832.0
-3684352.0
-3278848.0
-1710080.0
-2054144.0
-1419264.0
-3074048.0
-172032.0
417792.0
907264.0
833536.0
-778240.0
-1978368.0
305152.0
233472.0
684032.0
593920.0
-1466368.0
-1187840.0
-917504.0
-3244032.0
-2715648.0
-2273280.0
-2195456.0
-2807808.0
-3231744.0
417792.0
2301952.0
1951744.0
1402880.0
1443840.0
2533376.0
2938880.0
382976.0
405504.0
681984.0
892928.0
862208.0
663552.0
-942080.0
-2816000.0
-4438016.0
-5036032.0
-4321280.0
-1316864.0
-3743744.0
-4747264.0
-5263360.0
-4700160.0
-4857856.0
-4337664.0
-1675264.0
-3010560.0
-3567616.0
-3590144.0
-3473408.0
-2547712.0
-3801088.0
-6619136.0
-7155712.0
-4372480.0
-4704256.0
-5064704.0
-4540416.0
-5195776.0
-4714496.0
-4761600.0
-4984832.0
-4923392.0
-4466688.0
-3919872.0
-2459648.0
-3985408.0
-4270080.0
-845824.0
-794624.0
-571392.0
-911360.0
-3684352.0
-4532224.0
-2029568.0
-1204224.0
-2297856.0
-1212416.0
-1585152.0
-960512.0
-2093056.0
-2875392.0
-2263040.0
-3436544.0
-3772416.0
-4106240.0
-5537792.0
-6602752.0
-7159808.0
-6885376.0
-4538368.0
-5081088.0
-6891520.0
-6975488.0
-7538688.0
-6236160.0
-5822464.0
-3829760.0
-3678208.0
-4141056.0
-3176448.0
-5677056.0
-6553600.0
-5218304.0
-5752832.0
-2955264.0
-763904.0
-3180544.0
-2465792.0
-1501184.0
-3418112.0
-3581952.0
-2019328.0
-2285568.0
-3000320.0
-3545088.0
-3827712.0
-4519936.0
-3309568.0
-1753088.0
-1712128.0
-3538944.0
-3411968.0
-3014656.0
-4478976.0
-3770368.0
-5042176.0
-4950016.0
-7747584.0
-6772736.0
-6404096.0
-5861376.0
-3960832.0
-5414912.0
-6307840.0
-5376000.0
-5339136.0
-3153920.0
-2764800.0
-3330048.0
-368640.0
-1224704.0
-3233792.0
-5457920.0
-4571136.0
-6062080.0
-6119424.0
-4233216.0
-4483072.0
-5306368.0
-4100096.0
-3491840.0
-4149248.0
-4327424.0
-3356672.0
-3409920.0
-2668544.0
-3973120.0
-4749312.0
-3115008.0
-2674688.0
-5408768.0
-5005312.0
-4323328.0
-6127616.0
-6043648.0
-5539840.0
-4589568.0
-4337664.0
-4653056.0
-3467264.0
-4458496.0
-3747840.0
-3319808.0
-6424576.0
-7294976.0
-7200768.0
-5865472.0
-4179968.0
-4096000.0
-3256320.0
-1845248.0
-3837952.0
-5113856.0
-7264256.0
-6985728.0
-6234112.0
-5812224.0
-3565568.0
-2467840.0
-1830912.0
-3014656.0
-3997696.0
-4874240.0
-6825984.0
-6971392.0
-7116800.0
-4653056.0
-3647488.0
-3135488.0
-3414016.0
-3698688.0
-4311040.0
-4708352.0
-2095104.0
-3375104.0
-4161536.0
-3833856.0
-5650432.0
-6682624.0
-6184960.0
-4710400.0
-5376000.0
-6133760.0
-5246976.0
-5357568.0
-5711872.0
-4945920.0
-3817472.0
-4073472.0
-6211584.0
-5978112.0
-3010560.0
-1697792.0
-1677312.0
-2387968.0
-5943296.0
-7667712.0
-7536640.0
-6033408.0
-5697536.0
-7987200.0
-8781824.0
-8798208.0
-7137280.0
-6797312.0
-7852032.0
-5826560.0
-4407296.0
-4610048.0
-3035136.0
-3942400.0
-6273024.0
-5236736.0
-5351424.0
-8675328.0
-1.041408E7
-8839168.0
-8390656.0
-7510016.0
-7661568.0
-9252864.0
-6930432.0
-5711872.0
-3760128.0
-4263936.0
-6873088.0
-1.0344448E7
-1.0768384E7
-1.082368E7
-9549824.0
-7804928.0
-9160704.0
-9897984.0
-9056256.0
-8454144.0
-7153664.0
-7176192.0
-8843264.0
-9717760.0
-8503296.0
-8030208.0
-9666560.0
-1.0530816E7
-1.0600448E7
-1.0702848E7
-8521728.0
-5945344.0
-5396480.0
-6223872.0
-7063552.0
-7075840.0
-9371648.0
-7354368.0
-5771264.0
-5918720.0
-7104512.0
-8069120.0
-8050688.0
-6516736.0
-6916096.0
-6631424.0
-4823040.0
-4390912.0
-5482496.0
-4536320.0
-6971392.0
-8790016.0
-7817216.0
-6914048.0
-7827456.0
-8812544.0
-8540160.0
-8284160.0
-6336512.0
-6129664.0
-5404672.0
-6594560.0
-6322176.0
-8300544.0
-8548352.0
-7108608.0
-4341760.0
-5464064.0
-7163904.0
-5404672.0
-6141952.0
-5447680.0
-5543936.0
-7364608.0
-6887424.0
-6496256.0
-7727104.0
-6604800.0
-6205440.0
-7610368.0
-8511488.0
-7968768.0
-6383616.0
-7340032.0
-8413184.0
-9066496.0
-9527296.0
-9539584.0
-7876608.0
-8452096.0
-1.0555392E7
-9437184.0
-8554496.0
-1.038336E7
-9287680.0
-7002112.0
-8302592.0
-7610368.0
-8841216.0
-9017344.0
-9674752.0
-8331264.0
-8335360.0
-8826880.0
-8255488.0
-7505920.0
-9494528.0
-8640512.0
-7409664.0
-8855552.0
-8740864.0
-9164800.0
-8433664.0
-9363456.0
-7727104.0
-9682944.0
-1.1999232E7
-1.0913792E7
-1.0203136E7
-9785344.0
-1.0848256E7
-1.1444224E7
-9744384.0
-7825408.0
-7434240.0
-8308736.0
-7933952.0
-1.0459136E7
-9818112.0
-6973440.0
-7479296.0
-8974336.0
-7337984.0
-8325120.0
-7823360.0
-7446528.0
-8534016.0
-7424000.0
-9410560.0
-8890368.0
-9789440.0
-1.079296E7
-8847360.0
-4780032.0
-6062080.0
-7606272.0
-6619136.0
-6805504.0
-5734400.0
-6770688.0
-8298496.0
-8232960.0
-6295552.0
-7919616.0
-1.0285056E7
-9502720.0
-8779776.0
-8015872.0
-7129088.0
-7079936.0
-6881280.0
-8173568.0
-8546304.0
-9234432.0
-1.0416128E7
-1.0631168E7
-8558592.0
-9555968.0
-1.2118016E7
-9631744.0
-8814592.0
-7645184.0
-6029312.0
-6535168.0
-8712192.0
-8622080.0
-9035776.0
-9082880.0
-8960000.0
-9531392.0
-9656320.0
-1.0452992E7
-1.4624768E7
-1.527808E7
-1.4471168E7
-1.429504E7
-1.2322816E7
-9082880.0
-9207808.0
-7491584.0
-8116224.0
-9136128.0
-8681472.0
-8771584.0
-8024064.0
-8876032.0
-7604224.0
-8042496.0
-7077888.0
-1.0119168E7
-9617408.0
-7440384.0
-6637568.0
-7634944.0
-9445376.0
-1.020928E7
-8632320.0
-9273344.0
-1.0534912E7
-9977856.0
-1.045504E7
-1.1249664E7
-1.2781568E7
-1.3275136E7
-1.1732992E7
-9590784.0
-9017344.0
-8548352.0
-8011776.0
-9375744.0
-1.128448E7
-1.2075008E7
-1.0758144E7
-9277440.0
-7651328.0
-5896192.0
-7538688.0
-1.0190848E7
-1.284096E7
-1.1536384E7
-1.0838016E7
-1.0369024E7
-1.188864E7
-1.21856E7
-9744384.0
-8470528.0
-8992768.0
-1.18784E7
-1.2562432E7
-1.2322816E7
-1.1380736E7
-1.0702848E7
-1.1894784E7
-1.1800576E7
-1.4014464E7
-1.2120064E7
-9877504.0
-9799680.0
-9142272.0
-1.0264576E7
-1.1954176E7
-1.143808E7
-1.0323968E7
-1.2275712E7
-1.15712E7
-1.0940416E7
-8396800.0
-7618560.0
-8101888.0
-8015872.0
-5834752.0
-6754304.0
-8630272.0
-7661568.0
-7088128.0
-6283264.0
-1.000448E7
-1.2816384E7
-9326592.0
-9111552.0
-1.01888E7
-8222720.0
-9850880.0
-1.1962368E7
-1.165312E7
-1.0481664E7
-8720384.0
-9465856.0
-9179136.0
-8284160.0
-8900608.0
-8706048.0
-9838592.0
-1.0862592E7
-9023488.0
-6604800.0
-6756352.0
-8335360.0
-8296448.0
-8482816.0
-8015872.0
-7704576.0
-8603648.0
-9601024.0
-1.0213376E7
-1.0457088E7
-1.0684416E7
-7043072.0
-6744064.0
-9388032.0
-1.1548672E7
-1.082368E7
-1.1350016E7
-1.0887168E7
-1.1026432E7
-1.005568E7
-1.087488E7
-1.2169216E7
-1.1010048E7
-9332736.0
-7923712.0
-1.0788864E7
-1.00352E7
-8202240.0
-8675328.0
-8198144.0
-9234432.0
-9852928.0
-1.1102208E7
-1.3056E7
-1.1634688E7
-1.0108928E7
-1.154048E7
-1.207296E7
-1.3094912E7
-1.3637632E7
-1.0725376E7
-9273344.0
-9097216.0
-1.1839488E7
-1.25952E7
-1.2068864E7
-1.1057152E7
-1.1921408E7
-1.0620928E7
-1.0022912E7
-9347072.0
-8566784.0
-9916416.0
-1.0819584E7
-1.0186752E7
-8945664.0
-7933952.0
-9345024.0
-1.0166272E7
-7770112.0
-9525248.0
-1.0876928E7
-1.0387456E7
-1.2808192E7
-1.2480512E7
-1.1012096E7
-1.0541056E7
-9635840.0
-1.0420224E7
-9029632.0
-9185280.0
-1.0733568E7
-1.0934272E7
-9719808.0
-1.1147264E7
-1.1628544E7
-9267200.0
-9154560.0
-1.0584064E7
-1.1739136E7
-1.1882496E7
-1.1933696E7
-1.1214848E7
-1.2435456E7
-1.3041664E7
-1.24928E7
-1.1776E7
-1.0534912E7
-9936896.0
-7477248.0
-8503296.0
-7350272.0
-6438912.0
-8134656.0
-1.0162176E7
-1.0983424E7
-9791488.0
-9699328.0
-1.062912E7
-9324544.0
-7839744.0
-1.048576E7
-9091072.0
-9019392.0
-9562112.0
-1.0397696E7
-1.2120064E7
-1.181696E7
-1.069056E7
-8527872.0
-6055936.0
-5339136.0
-7170048.0
-8509440.0
-9822208.0
-9449472.0
-1.052672E7
-1.1884544E7
-1.164288E7
-1.0049536E7
-9103360.0
-1.0063872E7
-9826304.0
-9428992.0
-1.1167744E7
-1.0098688E7
-1.0860544E7
-1.1776E7
-1.1016192E7
-1.1804672E7
-9906176.0
-9836544.0
-7788544.0
-6213632.0
-6930432.0
-9738240.0
-9775104.0
-9508864.0
-9949184.0
-1.0053632E7
-1.1593728E7
-1.0104832E7
-9437184.0
-1.0729472E7
-9469952.0
-9582592.0
-1.114112E7
-9648128.0
-8488960.0
-9676800.0
-9789440.0
-8749056.0
-1.0078208E7
-1.0684416E7
-1.0917888E7
-1.0323968E7
-1.0539008E7
-7735296.0
-6021120.0
-6709248.0
-8511488.0
-7702528.0
-7596032.0
-8706048.0
-7344128.0
-6787072.0
-9545728.0
-1.168384E7
-8765440.0
-1.0186752E7
-1.3099008E7
-1.1573248E7
-9754624.0
-9046016.0
-8941568.0
-1.0244096E7
-1.1251712E7
-1.1532288E7
-1.1137024E7
-1.1563008E7
-9508864.0
-1.0061824E7
-9093120.0
-7163904.0
-5697536.0
-7534592.0
-1.058816E7
-9971712.0
-1.0319872E7
-9158656.0
-7049216.0
-9418752.0
-1.22368E7
-1.0186752E7
-9476096.0
-8828928.0
-8718336.0
-9338880.0
-9781248.0
-9863168.0
-9359360.0
-7874560.0
-7911424.0
-1.0952704E7
-1.069056E7
-9285632.0
-8325120.0
-9617408.0
-9834496.0
-8771584.0
-8343552.0
-1.0409984E7
-9861120.0
-6547456.0
-7802880.0
-9760768.0
-9041920.0
-8773632.0
-9068544.0
-9089024.0
-1.0366976E7
-8847360.0
-8634368.0
-8450048.0
-8413184.0
-8228864.0
-1.0336256E7
-9398272.0
-7368704.0
-6793216.0
-7596032.0
-7075840.0
-7692288.0
-8142848.0
-6686720.0
-7143424.0
-6146048.0
-6844416.0
-5724160.0
-5677056.0
-5898240.0
-7331840.0
-9486336.0
-8382464.0
-8050688.0
-7223296.0
-4487168.0
-2113536.0
-3356672.0
-5036032.0
-6539264.0
-6309888.0
-6977536.0
-8194048.0
-7876608.0
-8241152.0
-8054784.0
-7358464.0
-6281216.0
-6270976.0
-6113280.0
-5019648.0
-7229440.0
-5900288.0
-2742272.0
-4509696.0
-3913728.0
-5984256.0
-7559168.0
-8812544.0
-7131136.0
-3088384.0
-5543936.0
-8701952.0
-6680576.0
-6176768.0
-7168000.0
-8534016.0
-8546304.0
-8028160.0
-7987200.0
-6909952.0
-5390336.0
-4950016.0
-4585472.0
-4595712.0
-5822464.0
-5693440.0
-7297024.0
-8288256.0
-9392128.0
-9570304.0
-7475200.0
-7387136.0
-7682048.0
-8941568.0
-9656320.0
-7215104.0
-6500352.0
-8871936.0
-7651328.0
-6277120.0
-6498304.0
-7153664.0
-6629376.0
-5412864.0
-5859328.0
-6725632.0
-6092800.0
-6361088.0
-6871040.0
-7786496.0
-5965824.0
-3747840.0
-4892672.0
-3917824.0
-4317184.0
-4536320.0
-6391808.0
-8325120.0
-7147520.0
-3655680.0
-3835904.0
-4034560.0
-5378048.0
-6010880.0
-4745216.0
-3938304.0
-5142528.0
-6559744.0
-7200768.0
-5670912.0
-6864896.0
-6610944.0
-5888000.0
-6658048.0
-6266880.0
-4390912.0
-2252800.0
-759808.0
-1570816.0
-3053568.0
-2629632.0
-3500032.0
-3262464.0
-3491840.0
-2723840.0
-5093376.0
-5705728.0
-5416960.0
-4896768.0
-5050368.0
-4540416.0
-4708352.0
-3995648.0
-4395008.0
-4915200.0
-4030464.0
-3903488.0
-3522560.0
-3680256.0
-2902016.0
-3069952.0
-4108288.0
-2918400.0
-2306048.0
-3905536.0
-2336768.0
399360.0
-776192.0
-2439168.0
-2400256.0
-3201024.0
-5115904.0
-7147520.0
-7421952.0
-6426624.0
-5292032.0
-5388288.0
-3895296.0
-2203648.0
-4626432.0
-6154240.0
-4966400.0
-4231168.0
-4333568.0
-3049472.0
-989184.0
-1857536.0
-2963456.0
-3332096.0
-3700736.0
-1525760.0
-1787904.0
-2615296.0
-3479552.0
-4132864.0
-4593664.0
-5244928.0
-7593984.0
-6316032.0
-2463744.0
-2795520.0
-3129344.0
-3741696.0
-4880384.0
-4753408.0
-1630208.0
-2222080.0
-2254848.0
-2605056.0
-3645440.0
-2531328.0
-2637824.0
-2676736.0
-2381824.0
-2043904.0
-1378304.0
-3295232.0
-5072896.0
-3395584.0
-2936832.0
-1503232.0
-143360.0
-1271808.0
-2805760.0
-3856384.0
-1982464.0
-2908160.0
-5560320.0
-5140480.0
-2840576.0
-600064.0
-2312192.0
-3690496.0
-1955840.0
-2572288.0
-3016704.0
-3870720.0
-3543040.0
-2686976.0
-2666496.0
-2740224.0
-2377728.0
-456704.0
-200704.0
-1957888.0
-1292288.0
96256.0
-317440.0
-1937408.0
-2367488.0
-784384.0
-718848.0
-1560576.0
-2166784.0
-997376.0
1267712.0
3080192.0
2445312.0
1032192.0
-1566720.0
-2795520.0
-3944448.0
-3993600.0
-3659776.0
-2076672.0
-1232896.0
-1081344.0
-1089536.0
-681984.0
-360448.0
190464.0
-1644544.0
-2123776.0
-1892352.0
-2066432.0
-716800.0
-3493888.0
-3919872.0
-4997120.0
-3026944.0
-1257472.0
-1275904.0
-1067008.0
-1632256.0
-2328576.0
-3538944.0
-3719168.0
458752.0
575488.0
-1376256.0
-1497088.0
-1093632.0
1126400.0
-1083392.0
-483328.0
1267712.0
811008.0
-583680.0
-3102720.0
-1972224.0
696320.0
-1662976.0
-2414592.0
-2045952.0
-3082240.0
-3457024.0
-1787904.0
-1394688.0
-282624.0
-182272.0
477184.0
1830912.0
-1042432.0
290816.0
2369536.0
2392064.0
1394688.0
-776192.0
-643072.0
-577536.0
-1431552.0
-1091584.0
-882688.0
1937408.0
1345536.0
-1736704.0
-3123200.0
-3184640.0
-2138112.0
-188416.0
-2150400.0
-2572288.0
-1443840.0
-1368064.0
2048.0
319488.0
1288192.0
575488.0
2660352.0
3874816.0
1144832.0
-462848.0
-782336.0
-331776.0
43008.0
-1351680.0
-321536.0
57344.0
-421888.0
-542720.0
-2998272.0
-3039232.0
-290816.0
1224704.0
3049472.0
3893248.0
2279424.0
1771520.0
4147200.0
3782656.0
3213312.0
6031360.0
6152192.0
4061184.0
5083136.0
6113280.0
4708352.0
3745792.0
1685504.0
1843200.0
1921024.0
3201024.0
3006464.0
1847296.0
643072.0
1224704.0
1994752.0
3637248.0
5081088.0
4302848.0
1110016.0
1347584.0
4765696.0
3090432.0
-1445888.0
-2039808.0
921600.0
2172928.0
3270656.0
3917824.0
5062656.0
3833856.0
3182592.0
3909632.0
3547136.0
1120256.0
878592.0
571392.0
2119680.0
1347584.0
634880.0
686080.0
2209792.0
3182592.0
1781760.0
348160.0
872448.0
-73728.0
-1138688.0
-268288.0
3000320.0
7380992.0
5781504.0
3919872.0
1642496.0
2631680.0
3053568.0
2938880.0
3086336.0
2009088.0
833536.0
749568.0
1624064.0
3676160.0
4126720.0
2166784.0
3450880.0
5058560.0
4112384.0
3272704.0
1280000.0
620544.0
471040.0
884736.0
1687552.0
2048000.0
1622016.0
2846720.0
3934208.0
2605056.0
2105344.0
1654784.0
2764800.0
3383296.0
4345856.0
4100096.0
4222976.0
4089856.0
3147776.0
4085760.0
4413440.0
4962304.0
5212160.0
4483072.0
2674688.0
3366912.0
3266560.0
2330624.0
2877440.0
761856.0
2088960.0
2451456.0
694272.0
722944.0
2164736.0
3385344.0
2433024.0
1650688.0
1083392.0
2676736.0
4796416.0
5011456.0
3864576.0
3680256.0
3153920.0
3280896.0
3176448.0
3463168.0
3465216.0
4886528.0
7618560.0
8146944.0
7698432.0
8779776.0
1.006592E7
9132032.0
7845888.0
7200768.0
7948288.0
8484864.0
7473152.0
6139904.0
3794944.0
4648960.0
6426624.0
6430720.0
5865472.0
6840320.0
9025536.0
8820736.0
9351168.0
8673280.0
8720384.0
7809024.0
5892096.0
4366336.0
4601856.0
4859904.0
5853184.0
7772160.0
6967296.0
6916096.0
6242304.0
5457920.0
6152192.0
5683200.0
6430720.0
6596608.0
7743488.0
7852032.0
9025536.0
8413184.0
8478720.0
7944192.0
7168000.0
8040448.0
6881280.0
8329216.0
9656320.0
1.0182656E7
9535488.0
9318400.0
1.0541056E7
1.1393024E7
9875456.0
8458240.0
1.1057152E7
1.3907968E7
1.4098432E7
1.13152E7
1.0825728E7
9637888.0
9267200.0
1.1200512E7
8095744.0
6975488.0
6684672.0
7987200.0
1.0471424E7
1.0573824E7
1.0878976E7
1.0983424E7
1.0631168E7
1.2251136E7
1.1728896E7
1.1593728E7
1.1788288E7
9807872.0
1.0143744E7
1.1220992E7
1.0328064E7
1.1892736E7
9756672.0
8992768.0
8542208.0
6762496.0
7114752.0
8259584.0
7952384.0
6453248.0
5124096.0
6123520.0
6854656.0
6354944.0
6039552.0
6930432.0
9695232.0
1.0153984E7
8409088.0
7974912.0
6123520.0
4823040.0
5423104.0
6053888.0
6651904.0
6924288.0
8296448.0
6785024.0
7456768.0
5021696.0
4810752.0
5978112.0
6602752.0
6526976.0
7321600.0
8474624.0
8007680.0
6535168.0
6895616.0
8488960.0
9682944.0
8486912.0
6160384.0
5949440.0
4653056.0
5310464.0
7249920.0
8478720.0
7464960.0
5550080.0
7104512.0
7200768.0
6115328.0
5806080.0
7895040.0
8327168.0
6782976.0
6875136.0
6023168.0
6608896.0
8488960.0
8421376.0
8370176.0
6350848.0
6352896.0
7235584.0
9433088.0
9191424.0
1.0323968E7
1.18784E7
9312256.0
8949760.0
8687616.0
9830400.0
8062976.0
1.0018816E7
1.0092544E7
1.0264576E7
9113600.0
8701952.0
1.0000384E7
1.0672128E7
7567360.0
7147520.0
7897088.0
8509440.0
7815168.0
9312256.0
1.1698176E7
1.0565632E7
1.0696704E7
7538688.0
6316032.0
7002112.0
9064448.0
8427520.0
8089600.0
7305216.0
7917568.0
6467584.0
5181440.0
7503872.0
8474624.0
1.1339776E7
1.1943936E7
1.0104832E7
9527296.0
1.1524096E7
1.2732416E7
1.371136E7
1.1855872E7
1.1493376E7
1.3232128E7
1.2613632E7
1.2384256E7
1.1661312E7
1.2460032E7
1.1290624E7
9261056.0
1.0053632E7
8022016.0
6705152.0
9627648.0
1.2582912E7
1.2767232E7
1.0018816E7
1.0409984E7
9820160.0
1.108992E7
9228288.0
8869888.0
1.1343872E7
1.0907648E7
1.0594304E7
1.2767232E7
1.1237376E7
9250816.0
1.0385408E7
1.0756096E7
1.1700224E7
9699328.0
9613312.0
9553920.0
8282112.0
7903232.0
9275392.0
9664512.0
9678848.0
7905280.0
8267776.0
8022016.0
6772736.0
6232064.0
5216256.0
6340608.0
7936000.0
8462336.0
7579648.0
7905280.0
5931008.0
4024320.0
3622912.0
3493888.0
2193408.0
3360768.0
4884480.0
5136384.0
7133184.0
7964672.0
7043072.0
7624704.0
9486336.0
7800832.0
5928960.0
5853184.0
5398528.0
6346752.0
8480768.0
7544832.0
8282112.0
9412608.0
1.1122688E7
1.3975552E7
1.3441024E7
1.0008576E7
8673280.0
9009152.0
9854976.0
1.2013568E7
1.2957696E7
1.2560384E7
1.1974656E7
1.1421696E7
1.0543104E7
9158656.0
9777152.0
1.17248E7
1.1337728E7
9662464.0
7905280.0
9680896.0
1.0418176E7
1.0027008E7
9752576.0
1.0072064E7
1.0364928E7
1.1102208E7
1.3082624E7
1.350656E7
1.1124736E7
9877504.0
1.081344E7
1.170432E7
1.1573248E7
1.1712512E7
1.3430784E7
1.4419968E7
1.4225408E7
1.5255552E7
1.4925824E7
1.3840384E7
1.3553664E7
1.0903552E7
1.1030528E7
1.115136E7
1.0237952E7
1.1763712E7
1.400832E7
1.395712E7
1.517568E7
1.5194112E7
1.304576E7
1.200128E7
1.4997504E7
1.6566272E7
1.782784E7
1.6052224E7
1.3748224E7
1.4401536E7
1.50528E7
1.7025024E7
1.805312E7
1.80224E7
1.7549312E7
1.6334848E7
1.3664256E7
1.5104E7
1.7717248E7
1.9417088E7
1.9675136E7
1.9668992E7
2.1133312E7
1.967104E7
1.8395136E7
1.8251776E7
1.5865856E7
1.7301504E7
1.8098176E7
1.788928E7
1.8153472E7
1.7618944E7
1.7555456E7
1.8571264E7
1.961984E7
1.7911808E7
1.5763456E7
1.4374912E7
1.370112E7
1.6119808E7
1.77152E7
1.5056896E7
1.4139392E7
1.4036992E7
1.5355904E7
1.5609856E7
1.3901824E7
1.3471744E7
1.4815232E7
1.6961536E7
1.871872E7
2.030592E7
1.8894848E7
1.6666624E7
1.6748544E7
1.7119232E7
1.7440768E7
2.157568E7
1.931264E7
1.759232E7
1.9398656E7
2.0543488E7
2.0703232E7
2.2464512E7
2.22208E7
2.1886976E7
2.3293952E7
2.5004032E7
2.6390528E7
2.4674304E7
2.3527424E7
2.2540288E7
2.2614016E7
2.4334336E7
2.4940544E7
2.4117248E7
2.6462208E7
2.4782848E7
2.5071616E7
2.640896E7
2.530304E7
2.3851008E7
2.4643584E7
2.5864192E7
2.4256512E7
2.3820288E7
2.5325568E7
2.3189504E7
2.3738368E7
2.649088E7
2.4358912E7
2.3400448E7
2.5145344E7
2.4254464E7
2.455552E7
2.4141824E7
2.4006656E7
2.6251264E7
2.7547648E7
2.5370624E7
2.3386112E7
2.2898688E7
2.3349248E7
2.2847488E7
2.373632E7
2.6011648E7
2.3773184E7
2.3394304E7
2.5612288E7
2.844672E7
2.9933568E7
2.9353984E7
2.6515456E7
2.5769984E7
2.4778752E7
2.5901056E7
2.6925056E7
2.3549952E7
2.3984128E7
2.4137728E7
2.5018368E7
2.712576E7
2.8848128E7
3.1741952E7
3.2550912E7
3.1510528E7
3.0650368E7
3.2346112E7
3.3820672E7
3.3210368E7
3.217408E7
3.373056E7
3.418112E7
3.3601536E7
3.299328E7
3.2055296E7
3.2636928E7
3.2917504E7
3.2690176E7
3.2602112E7
3.2290816E7
3.3798144E7
3.2786432E7
3.1488E7
3.2641024E7
3.3902592E7
3.5278848E7
3.5801088E7
3.4510848E7
3.5002368E7
3.5418112E7
3.4584576E7
3.4267136E7
3.4893824E7
3.528704E7
3.6304896E7
3.6130816E7
3.65056E7
3.5907584E7
3.3980416E7
3.547136E7
3.6825088E7
3.5979264E7
3.5043328E7
3.6583424E7
3.8252544E7
3.991552E7
3.9469056E7
3.8844416E7
3.7351424E7
3.692544E7
3.7955584E7
4.0630272E7
4.1838592E7
4.0108032E7
4.1504768E7
4.3030528E7
4.2881024E7
4.2225664E7
4.1541632E7
3.9626752E7
4.1273344E7
4.4951552E7
4.5580288E7
4.5828096E7
4.4544E7
4.5312E7
4.717568E7
4.606976E7
4.5692928E7
4.5881344E7
4.4869632E7
4.1918464E7
4.114432E7
4.0189952E7
3.9254016E7
4.1494528E7
4.1836544E7
4.2375168E7
4.2760192E7
4.3577344E7
4.3915264E7
4.7867904E7
4.8807936E7
4.794368E7
4.6956544E7
4.5850624E7
4.7079424E7
4.867072E7
4.9866752E7
4.9364992E7
4.8726016E7
4.9235968E7
4.905984E7
4.9831936E7
5.0466816E7
5.0419712E7
4.9266688E7
4.7865856E7
4.5950976E7
4.5627392E7
4.6864384E7
4.4732416E7
4.562944E7
4.7847424E7
5.1320832E7
5.0860032E7
5.0866176E7
5.3041152E7
5.2518912E7
5.3112832E7
5.3999616E7
5.6557568E7
5.6633344E7
5.7255936E7
5.7796608E7
5.568512E7
5.4505472E7
5.3467136E7
5.4069248E7
5.507072E7
5.4695936E7
5.3379072E7
5.5296E7
5.4368256E7
5.5001088E7
5.6434688E7
5.5396352E7
5.4378496E7
5.4120448E7
5.2668416E7
5.2185088E7
5.1255296E7
5.3092352E7
5.4208512E7
5.3716992E7
5.3467136E7
5.2340736E7
5.2924416E7
5.3266432E7
5.3354496E7
5.2625408E7
5.161984E7
5.2977664E7
5.5025664E7
5.5197696E7
5.4290432E7
5.2918272E7
5.2277248E7
5.2887552E7
5.4986752E7
5.6182784E7
5.7182208E7
5.7356288E7
5.64224E7
5.6221696E7
5.8658816E7
6.0166144E7
5.9623424E7
6.0020736E7
6.0616704E7
6.025216E7
6.008832E7
5.9148288E7
6.0975104E7
6.147072E7
6.2619648E7
6.3092736E7
6.3903744E7
6.4749568E7
6.2089216E7
6.091776E7
6.2541824E7
6.33856E7
6.455296E7
6.4141312E7
6.3152128E7
6.6121728E7
6.6414592E7
6.716416E7
6.7289088E7
6.49728E7
6.5148928E7
6.5619968E7
6.8257792E7
6.9240832E7
6.7997696E7
6.7352576E7
6.8831232E7
6.852608E7
6.8739072E7
6.8427776E7
6.7270656E7
6.6807808E7
6.590464E7
6.8888576E7
6.7856384E7
6.7131392E7
6.6082816E7
6.7258368E7
6.7672064E7
6.6174976E7
6.7117056E7
6.724608E7
6.745088E7
6.761472E7
6.9605376E7
7.056384E7
7.071744E7
6.9429248E7
6.8859904E7
6.8442112E7
6.7004416E7
6.7422208E7
6.6707456E7
6.5181696E7
6.6322432E7
6.755328E7
6.8524032E7
6.8462592E7
6.8892672E7
6.8257792E7
6.9320704E7
6.858752E7
6.6840576E7
6.6988032E7
6.7493888E7
6.884352E7
6.8661248E7
6.9070848E7
6.8134912E7
7.0672384E7
7.2312832E7
7.0490112E7
6.9287936E7
7.0877184E7
7.0938624E7
6.8995072E7
7.0211584E7
7.0180864E7
6.9001216E7
7.1768064E7
7.1776256E7
7.3644032E7
7.3469952E7
7.2177664E7
7.2984576E7
7.2597504E7
7.3080832E7
7.371776E7
7.508992E7
7.8557184E7
7.8841856E7
7.9745024E7
7.9650816E7
8.0203776E7
8.2704384E7
8.3130368E7
8.4269056E7
8.4512768E7
8.3341312E7
8.3697664E7
8.621056E7
8.6898688E7
8.810496E7
8.9694208E7
8.8834048E7
8.9479168E7
9.135104E7
9.1969536E7
9.2997632E7
9.171968E7
8.9657344E7
8.9331712E7
9.233408E7
9.2647424E7
9.1987968E7
9.1041792E7
9.0329088E7
9.1680768E7
9.3446144E7
9.5504384E7
9.5481856E7
9.5162368E7
9.6126976E7
9.5172608E7
9.3769728E7
9.1394048E7
9.3390848E7
9.5082496E7
9.614336E7
9.4052352E7
9.3773824E7
9.737216E7
9.9172352E7
9.9131392E7
9.7957888E7
9.6944128E7
9.5281152E7
9.6264192E7
9.689088E7
9.4445568E7
9.4158848E7
9.4339072E7
9.397248E7
9.2145664E7
9.1590656E7
9.101312E7
9.135104E7
9.2540928E7
9.3538304E7
9.5545344E7
9.5895552E7
9.4889984E7
9.3038592E7
9.4605312E7
9.511936E7
9.3370368E7
9.306112E7
9.5285248E7
9.576448E7
9.4236672E7
9.2256256E7
9.1856896E7
9.2891136E7
9.358336E7
9.3571072E7
9.5451136E7
9.3646848E7
9.3505536E7
9.9586048E7
1.03036928E8
1.04822784E8
1.05959424E8
1.07206656E8
1.1104256E8
1.12615424E8
1.15130368E8
1.17542912E8
1.19212032E8
1.20307712E8
1.24481536E8
1.2664832E8
1.2817408E8
1.31002368E8
1.31571712E8
1.26953472E8
1.25771776E8
1.27668224E8
1.28231424E8
1.26959616E8
1.27195136E8
1.28485376E8
1.24960768E8
1.23615232E8
1.24094464E8
1.23623424E8
1.23875328E8
1.24215296E8
1.24725248E8
1.26803968E8
1.28251904E8
1.29548288E8
1.29447936E8
1.32376576E8
1.35315456E8
1.36554496E8
1.37146368E8
1.39317248E8
1.4209024E8
1.43040512E8
1.43382528E8
1.4439424E8
1.46323456E8
1.49450752E8
1.50837248E8
1.52270848E8
1.55262976E8
1.5752192E8
1.5813632E8
1.58697472E8
1.57188096E8
1.5574016E8
1.52999936E8
1.51209984E8
1.48834304E8
1.46425856E8
1.4544896E8
1.44760832E8
1.46323456E8
1.4509056E8
1.43951872E8
1.44146432E8
1.43228928E8
1.43036416E8
1.46745344E8
1.48815872E8
1.49823488E8
1.52745984E8
1.5419392E8
1.54875904E8
1.55265024E8
1.59121408E8
1.60505856E8
1.615872E8
1.61855488E8
1.62195456E8
1.6437248E8
1.67344128E8
1.69351168E8
1.68957952E8
1.67397376E8
1.69822208E8
1.7185792E8
1.7453056E8
1.7722368E8
1.7818624E8
1.8039808E8
1.8056192E8
1.81354496E8
1.83785472E8
1.866752E8
1.86980352E8
1.88381184E8
1.88332032E8
1.8855936E8
1.89362176E8
1.91619072E8
1.91268864E8
1.92182272E8
1.92339968E8
1.93447936E8
1.96243456E8
1.96878336E8
1.9690496E8
2.0054016E8
2.03298816E8
2.03446272E8
2.0518912E8
2.06678016E8
2.066432E8
2.04756992E8
2.07529984E8
2.10663424E8
2.12738048E8
2.15406592E8
2.15795712E8
2.16973312E8
2.20493824E8
2.25253376E8
2.27258368E8
2.28712448E8
2.31624704E8
2.34850304E8
2.3752704E8
2.38825472E8
2.40959488E8
2.4339456E8
2.441216E8
2.43519488E8
2.45753856E8
2.49665536E8
2.48961024E8
2.49092096E8
2.50236928E8
2.50877952E8
2.52307456E8
2.52983296E8
2.52219392E8
2.48301568E8
2.44224E8
2.41754112E8
2.3586816E8
2.31335936E8
2.26363392E8
2.22296064E8
2.21325312E8
2.19344896E8
2.18714112E8
2.220032E8
2.25947648E8
2.28524032E8
2.30817792E8
2.35511808E8
2.3990272E8
2.44525056E8
2.48389632E8
2.49806848E8
2.55143936E8
2.58299904E8
2.62060032E8
2.6617856E8
2.70157824E8
2.73076224E8
2.74569216E8
2.7505664E8
2.76248576E8
2.78480896E8
2.83211776E8
2.86203904E8
2.8803072E8
2.8894208E8
2.91155968E8
2.93838848E8
2.95632896E8
2.96998912E8
3.00199936E8
3.01672448E8
3.05399808E8
3.08137984E8
3.090944E8
3.0956544E8
3.1301632E8
3.18152704E8
3.19967232E8
3.21181696E8
3.26301696E8
3.300864E8
3.29906176E8
3.2919552E8
3.31343872E8
3.35536128E8
3.3772544E8
3.39918848E8
3.41860352E8
3.45829376E8
3.47559936E8
3.50969856E8
3.50736384E8
3.52217088E8
3.55444736E8
3.58977536E8
3.62962944E8
3.64212224E8
3.66112768E8
3.68887808E8
3.699712E8
3.72586496E8
3.73786624E8
3.74441984E8
3.77088E8
3.80192768E8
3.8152192E8
3.82326784E8
3.87340288E8
3.9126016E8
3.92148992E8
3.95270144E8
3.99620096E8
4.02120704E8
4.04232192E8
4.08836096E8
4.09470976E8
4.09151488E8
4.11766784E8
4.14171136E8
4.16354304E8
4.20022272E8
4.23143424E8
4.27505664E8
4.29973504E8
4.33553408E8
4.3652096E8
4.40010752E8
4.418048E8
4.43226112E8
4.46674944E8
4.5029376E8
4.53421056E8
4.55100416E8
4.57025536E8
4.60060672E8
4.64771072E8
4.67007488E8
4.71484416E8
4.73669632E8
4.75244544E8
4.78906368E8
4.81814528E8
4.82957312E8
4.8423936E8
4.86989824E8
4.91968512E8
4.96607232E8
4.983296E8
5.01960704E8
5.05163776E8
5.07813888E8
5.11092736E8
5.14228224E8
5.20286208E8
5.2429824E8
5.26374912E8
5.30665472E8
5.35597056E8
5.3983232E8
5.41779968E8
5.44526336E8
5.4976512E8
5.53101312E8
5.57889536E8
5.61129472E8
5.65262336E8
5.69919488E8
5.74455808E8
5.77824768E8
5.81636096E8
5.84517632E8
5.88951552E8
5.9521024E8
6.00139776E8
6.04440576E8
6.08217088E8
6.12067328E8
6.19935744E8
6.24451584E8
6.25600512E8
6.28246528E8
6.31799808E8
6.34927104E8
6.37933568E8
6.43166208E8
6.49766912E8
6.53924352E8
6.58632704E8
6.6230272E8
6.6414592E8
6.64819712E8
6.67285504E8
6.717952E8
6.76708352E8
6.80716288E8
6.85457408E8
6.9008384E8
6.93225472E8
6.97673728E8
7.0014976E8
7.01984768E8
7.05304576E8
7.10080512E8
7.12103936E8
7.15788288E8
7.19429632E8
7.266816E8
7.32659712E8
7.38152448E8
7.43241728E8
7.47122688E8
7.50045184E8
7.563264E8
7.64104704E8
7.67963136E8
7.7243392E8
7.80736512E8
7.85041408E8
7.89798912E8
7.97405184E8
8.02209792E8
8.08708096E8
8.14954496E8
8.18812928E8
8.25239552E8
8.31561728E8
8.3703808E8
8.42979328E8
8.5122048E8
8.58404864E8
8.64434176E8
8.70940672E8
8.79208448E8
8.87515136E8
8.91672576E8
8.94124032E8
9.00052992E8
9.07005952E8
9.14694144E8
9.20113152E8
9.28053248E8
9.35407616E8
9.41748224E8
9.480704E8
9.54734592E8
9.6060416E8
9.69484288E8
9.77051648E8
9.80748288E8
9.88919808E8
9.94791424E8
1.001209856E9
1.007261696E9
1.01466112E9
1.02093824E9
1.028022272E9
1.035630592E9
1.0416128E9
1.048571904E9
1.057640448E9
1.066092544E9
1.07350016E9
1.081772032E9
1.088894976E9
1.094483968E9
1.104799744E9
1.111799808E9
1.122244608E9
1.132818432E9
1.140334592E9
1.149505536E9
1.160783872E9
1.17097472E9
1.182943232E9
1.194121216E9
1.203961856E9
1.213079552E9
1.224607744E9
1.235359744E9
1.244254208E9
1.252417536E9
1.263921152E9
1.276145664E9
1.285861376E9
1.295017984E9
1.30510848E9
1.314199552E9
1.322432512E9
1.334065152E9
1.3479424E9
1.360050176E9
1.371338752E9
1.381801984E9
1.391345664E9
1.401991168E9
1.413834752E9
1.425395712E9
1.43451136E9
1.44642048E9
1.4596096E9
1.470674944E9
1.480189952E9
1.48830208E9
1.497198592E9
1.50847488E9
1.51873536E9
1.52824832E9
1.536968704E9
1.54652672E9
1.553862656E9
1.562742784E9
1.57206528E9
1.580476416E9
1.587197952E9
1.596747776E9
1.607256064E9
1.621235712E9
1.633425408E9
1.643134976E9
1.654245376E9
1.665329152E9
1.678360576E9
1.689778176E9
1.700501504E9
1.713098752E9
1.724803072E9
1.736491008E9
1.747419136E9
1.759758336E9
1.770246144E9
1.781817344E9
1.794531328E9
1.81061632E9
1.82406144E9
1.841293312E9
1.863233536E9
1.888602112E9
1.913522176E9
1.938620416E9
1.965406208E9
1.993711616E9
2.023186432E9
2.051518464E9
2.07863808E9
2.102890496E9
2.131111936E9
2.158813184E9
2.185699328E9
2.212608E9
2.238035968E9
2.262556672E9
2.288760832E9
2.314381312E9
2.340990976E9
2.366773248E9
2.391953408E9
2.417586176E9
2.442418176E9
2.467524608E9
2.492872704E9
2.521014272E9
2.547238912E9
2.572937216E9
2.6008576E9
2.629013504E9
2.65606144E9
2.683990016E9
2.712240128E9
2.741794816E9
2.77245952E9
2.8005888E9
2.830977024E9
2.857775104E9
2.884182016E9
2.912557056E9
2.939516928E9
2.965559296E9
2.99327488E9
3.015366656E9
3.037872128E9
3.060477952E9
3.085318144E9
3.10852608E9
3.132667904E9
3.15580416E9
3.180691456E9
3.205009408E9
3.232239616E9
3.260049408E9
3.290810368E9
3.321831424E9
3.348963328E9
3.377866752E9
3.409938432E9
3.442008064E9
3.475001344E9
3.509684224E9
3.54566144E9
3.581108224E9
3.617359872E9
3.656392704E9
3.693729792E9
3.729778688E9
3.767568384E9
3.807041536E9
3.847211008E9
3.888441344E9
3.932524544E9
3.973607424E9
4.014241792E9
4.057229312E9
4.10401792E9
4.1518592E9
4.201003008E9
4.250458112E9
4.297807872E9
4.346615808E9
4.394110976E9
4.445786112E9
4.498067456E9
4.5538304E9
4.6062592E9
4.66144256E9
4.717662208E9
4.775936E9
4.835485696E9
4.89985024E9
4.959053824E9
5.022881792E9
5.087793152E9
5.151322112E9
5.217079296E9
5.284206592E9
5.350955008E9
5.4212608E9
5.491144704E9
5.563129856E9
5.63525632E9
5.708443648E9
5.784070144E9
5.86326016E9
5.945120768E9
6.030544896E9
6.11990528E9
6.209021952E9
6.29801984E9
6.392334336E9
6.491543552E9
6.595291136E9
6.701099008E9
6.812991488E9
6.92897792E9
7.045394432E9
7.16396544E9
7.28508416E9
7.409678336E9
7.537989632E9
7.667324928E9
7.80007424E9
7.937943552E9
8.077203456E9
8.22284288E9
8.37189632E9
8.520056832E9
8.670918656E9
8.82650112E9
8.984076288E9
9.142839296E9
9.303304192E9
9.465182208E9
9.629421568E9
9.802702848E9
9.977157632E9
1.0160214016E10
1.03464448E10
1.0538545152E10
1.0737303552E10
1.0945447936E10
1.1161317376E10
1.1384707072E10
1.1615203328E10
1.1852785664E10
1.2096165888E10
1.2351381504E10
1.2612958208E10
1.288333312E10
1.316371456E10
1.34544896E10
1.3751549952E10
1.4062637056E10
1.4384515072E10
1.471609856E10
1.5058786304E10
1.541627904E10
1.5783204864E10
1.6168503296E10
1.6566605824E10
1.6981307392E10
1.7409685504E10
1.7856743424E10
1.8320443392E10
1.8804701184E10
1.930752E10
1.983321088E10
2.0373942272E10
2.0937312256E10
2.1525225472E10
2.2135097344E10
2.2770900992E10
2.3434530816E10
2.4128606208E10
2.4854349824E10
2.561033216E10
2.6400632832E10
2.7231617024E10
2.8100452352E10
2.9013467136E10
2.996916224E10
3.0972694528E10
3.2030875648E10
3.3150011392E10
3.43291392E10
3.5573495808E10
3.6884959232E10
3.8278547456E10
3.97545984E10
4.1320083456E10
4.2973671424E10
4.473285632E10
4.6605830144E10
4.8611289088E10
5.0754256896E10
5.3056413696E10
5.5522869248E10
5.817566208E10
6.1022451712E10
6.4087580672E10
6.7388053504E10
7.0958852096E10
7.4819803136E10
7.9017220096E10
8.3579582464E10
8.8557737984E10
9.399627776E10
9.9967000576E10
1.06525231104E11
1.13762340864E11
1.21760712704E11
1.30643550208E11
1.40535724032E11
1.51604420608E11
1.64015136768E11
1.7797581824E11
1.93708197888E11
2.11393142784E11
2.30841741312E11
2.51549362176E11
2.734811136E11
2.97162698752E11
3.22828396544E11
3.49709893632E11
3.74908534784E11
3.96667521024E11
4.16628166656E11
4.3585051648E11
4.53564637184E11
4.67343736832E11
4.77639739392E11
4.8867545088E11
5.02806667264E11
5.19931951104E11
5.39011586048E11
5.5875620864E11
5.78078369792E11
5.96273229824E11
6.13054656512E11
6.28685723648E11
6.43681185792E11
6.58288707584E11
6.72309981184E11
6.84632864768E11
6.92524361728E11
6.9457999872E11
6.93007702016E11
6.87627532288E11
6.74451931136E11
6.49733310464E11
6.14491912192E11
5.7223816192E11
5.24335921152E11
4.69325133824E11
4.10121670656E11
3.54533163008E11
3.06139928576E11
2.6524597248E11
2.30951645184E11
2.02138867712E11
1.7773304832E11
1.56901634048E11
1.38963570688E11
1.23473422336E11
1.101490688E11
9.8795051008E10
8.9124503552E10
8.0824018944E10
7.3605920768E10
6.7272951808E10
6.166694912E10
5.6662536192E10
5.216441344E10
4.8161175552E10
4.4655253504E10
4.1587003392E10
3.8874146816E10
3.6449376256E10
3.427233792E10
3.2302811136E10
3.0512502784E10
2.8878198784E10
2.7383238656E10
2.600516608E10
2.473838592E10
2.3568912384E10
2.2491990016E10
2.1489616896E10
2.0559040512E10
1.9690252288E10
1.8882248704E10
1.812196352E10
1.7410844672E10
1.6736616448E10
1.6105424896E10
1.550680064E10
1.4945437696E10
1.4413197312E10
1.3916135424E10
1.3438277632E10
1.2989616128E10
1.2561063936E10
1.2158005248E10
1.17715968E10
1.1409504256E10
1.1059218432E10
1.0727217152E10
1.0410944512E10
1.0108913664E10
9.818279936E9
9.54290176E9
9.278408704E9
9.025533952E9
8.779307008E9
8.5449216E9
8.32095232E9
8.108425216E9
7.900778496E9
7.70289664E9
7.511865344E9
7.332644864E9
7.15968512E9
6.997850112E9
6.840461312E9
6.685616128E9
6.539425792E9
6.400976896E9
6.263861248E9
6.13226496E9
6.003851264E9
5.877929984E9
5.75725568E9
5.643126784E9
5.530105856E9
5.418274816E9
5.311301632E9
5.204606976E9
5.10225408E9
5.001930752E9
4.90303488E9
4.804702208E9
4.711395328E9
4.615325696E9
4.521783296E9
4.430047232E9
4.34125824E9
4.252469248E9
4.166885376E9
4.081506304E9
3.999188992E9
3.918077952E9
3.839270912E9
3.761455104E9
3.686131712E9
3.60943616E9
3.538069504E9
3.467507712E9
3.400019968E9
3.330736128E9
3.264739328E9
3.200206848E9
3.13688064E9
3.072653312E9
3.013169152E9
2.95343104E9
2.89629184E9
2.840928256E9
2.788452352E9
2.737297408E9
2.690807808E9
2.646417408E9
2.605889536E9
2.567733248E9
2.5327616E9
2.499233792E9
2.466310144E9
2.435561472E9
2.405300224E9
2.373154816E9
2.338172928E9
2.302347264E9
2.26888704E9
2.23470592E9
2.200129536E9
2.165716992E9
2.131902464E9
2.098128896E9
2.063376384E9
2.027825152E9
1.993336832E9
1.963190272E9
1.9343872E9
1.903136768E9
1.873291264E9
1.844146176E9
1.815625728E9
1.78688E9
1.760202752E9
1.735708672E9
1.710809088E9
1.687877632E9
1.665951744E9
1.64640768E9
1.623885824E9
1.601282048E9
1.578776576E9
1.560721408E9
1.540667392E9
1.520822272E9
1.503430656E9
1.48816896E9
1.47054592E9
1.454292992E9
1.435602944E9
1.419821056E9
1.403365376E9
1.387454464E9
1.37170944E9
1.356357632E9
1.340243968E9
1.326813184E9
1.312198656E9
1.29881088E9
1.284929536E9
1.271668736E9
1.256630272E9
1.243969536E9
1.23111424E9
1.217636352E9
1.203103744E9
1.192658944E9
1.182406656E9
1.170690048E9
1.159788544E9
1.148588032E9
1.136484352E9
1.12400384E9
1.11451136E9
1.103091712E9
1.089210368E9
1.07764736E9
1.067339776E9
1.056129024E9
1.046390784E9
1.03675904E9
1.025908736E9
1.014081536E9
1.0011136E9
9.91782912E8
9.83748608E8
9.72333056E8
9.60335872E8
9.47990528E8
9.35170048E8
9.23041792E8
9.1390976E8
9.02633472E8
8.9462784E8
8.87771136E8
8.7990272E8
8.69298176E8
8.6409216E8
8.57554944E8
8.50259968E8
8.45948928E8
8.42866688E8
8.38866944E8
8.36380672E8
8.33830912E8
8.30558208E8
8.25556992E8
8.21035008E8
8.17604608E8
8.11843584E8
8.02582528E8
7.982592E8
7.9130624E8
7.86542592E8
7.8129152E8
7.72890624E8
7.64055552E8
7.56092928E8
7.47087872E8
7.39364864E8
7.32657664E8
7.25604352E8
7.19890432E8
7.1538688E8
7.10588416E8
7.06760704E8
6.99142144E8
6.90849792E8
6.82758144E8
6.75006464E8
6.68049408E8
6.62063104E8
6.55104E8
6.44734976E8
6.33176064E8
6.20976128E8
6.07268864E8
5.92797696E8
5.7875456E8
5.61149952E8
5.47889152E8
5.33241856E8
5.17390336E8
5.04152064E8
4.94211072E8
4.85316608E8
4.77691904E8
4.69446656E8
4.62575616E8
4.59014144E8
4.53449728E8
4.49101824E8
4.4455936E8
4.37987328E8
4.3424768E8
4.27524096E8
4.2409984E8
4.20696064E8
4.17019904E8
4.12686336E8
4.09862144E8
4.05467136E8
4.01901568E8
3.96742656E8
3.94203136E8
3.90176768E8
3.84159744E8
3.80768256E8
3.78437632E8
3.74167552E8
3.73008384E8
3.69432576E8
3.64382208E8
3.5975168E8
3.56775936E8
3.54445312E8
3.5109888E8
3.453952E8
3.40799488E8
3.3856512E8
3.351552E8
3.31198464E8
3.25738496E8
3.1937536E8
3.1659008E8
3.1358976E8
3.093504E8
3.03310848E8
2.97576448E8
2.95796736E8
2.9044736E8
2.8654592E8
2.83467776E8
2.825216E8
2.7793408E8
2.75238912E8
2.72349184E8
2.69907968E8
2.68824576E8
2.6710016E8
2.6272768E8
2.5997312E8
2.58076672E8
2.54939136E8
2.52291072E8
2.50820608E8
2.47310336E8
2.44959232E8
2.41442816E8
2.38352384E8
2.37248512E8
2.34459136E8
2.31882752E8
2.28472832E8
2.2449152E8
2.2264832E8
2.2121472E8
2.17864192E8
2.12942848E8
2.09485824E8
2.0432896E8
2.00400896E8
1.98090752E8
1.96558848E8
1.93695744E8
1.92968704E8
1.8997248E8
1.8634752E8
1.84291328E8
1.83742464E8
1.82132736E8
1.78507776E8
1.76140288E8
1.74086144E8
1.74153728E8
1.728512E8
1.70725376E8
1.71020288E8
1.70379264E8
1.68855552E8
1.62957312E8
1.62863104E8
1.64507648E8
1.64521984E8
1.62234368E8
1.60292864E8
1.62469888E8
1.60776192E8
1.616896E8
1.5922176E8
1.59707136E8
1.598464E8
1.57184E8
1.55824128E8
1.55701248E8
1.54804224E8
1.52967168E8
1.51648256E8
1.5500288E8
1.54533888E8
1.53454592E8
1.5362048E8
1.5187968E8
1.49825536E8
1.48973568E8
1.45737728E8
1.45514496E8
1.45664E8
1.43126528E8
1.38385408E8
1.35114752E8
1.35424E8
1.34479872E8
1.30430976E8
1.29169408E8
1.25663232E8
1.22509312E8
1.21868288E8
1.21421824E8
1.19896064E8
1.17743616E8
1.19345152E8
1.20107008E8
1.18900736E8
1.17962752E8
1.15677184E8
1.12900096E8
1.10821376E8
1.1104256E8
1.13399808E8
1.13477632E8
1.13711104E8
1.13281024E8
1.14343936E8
1.14653184E8
1.11316992E8
1.06305536E8
1.03712768E8
1.0218496E8
1.01568512E8
1.01861376E8
1.01019648E8
9.7755136E7
9.2389376E7
8.8958976E7
8.9516032E7
9.0732544E7
8.8352768E7
8.691712E7
8.6272E7
8.5323776E7
8.4877312E7
8.2714624E7
8.0975872E7
7.8206976E7
7.508992E7
7.4657792E7
7.4752E7
7.130112E7
6.9926912E7
6.8773888E7
6.9083136E7
6.9986304E7
6.6707456E7
6.393856E7
6.3850496E7
6.1212672E7
5.9846656E7
5.9252736E7
5.9635712E7
5.5914496E7
5.487616E7
5.566464E7
5.6389632E7
5.3725184E7
5.1918848E7
5.0085888E7
4.9401856E7
5.0245632E7
5.0323456E7
4.8136192E7
4.8019456E7
4.8572416E7
4.8433152E7
5.0681856E7
5.0092032E7
4.9025024E7
4.7517696E7
4.627456E7
4.4347392E7
4.466688E7
4.5164544E7
4.4050432E7
4.058112E7
3.9155712E7
3.8836224E7
4.0425472E7
4.0554496E7
3.7128192E7
3.3263616E7
3.1412224E7
3.0195712E7
3.1023104E7
3.1401984E7
2.8594176E7
2.6560512E7
2.5737216E7
2.6392576E7
2.7746304E7
2.7305984E7
2.6437632E7
2.5352192E7
2.5921536E7
2.1788672E7
1.9869696E7
1.8454528E7
1.7227776E7
1.2996608E7
1.130496E7
1.1743232E7
1.0692608E7
9115648.0
9566208.0
8480768.0
6692864.0
4896768.0
3758080.0
3051520.0
1398784.0
145408.0
-1406976.0
-2314240.0
-3264512.0
-5791744.0
-6971392.0
-7694336.0
-8259584.0
-1.0387456E7
-1.0805248E7
-1.3142016E7
-1.5458304E7
-1.2224512E7
-1.2570624E7
-1.1751424E7
-1.138688E7
-1.0860544E7
-1.3010944E7
-1.1544576E7
-1.0543104E7
-7290880.0
-3235840.0
-59392.0
3375104.0
6332416.0
9709568.0
1.2478464E7
1.2777472E7
1.6433152E7
1.85856E7
2.1966848E7
2.4774656E7
2.9939712E7
3.3517568E7
3.4783232E7
3.6974592E7
3.792896E7
3.9682048E7
4.150272E7
4.3788288E7
4.6194688E7
4.7040512E7
4.6731264E7
4.676608E7
4.293632E7
3.8141952E7
3.1551488E7
2.3805952E7
1.5249408E7
7153664.0
944128.0
-3395584.0
-5824512.0
-6156288.0
-8245248.0
-1.0203136E7
-1.0350592E7
-1.0633216E7
-9965568.0
-1.3080576E7
-1.5396864E7
-1.4592E7
-1.6027648E7
-1.7516544E7
-1.8067456E7
-2.0461568E7
-2.0662272E7
-2.2206464E7
-2.4375296E7
-2.397184E7
-2.5991168E7
-2.3656448E7
-2.3543808E7
-2.3199744E7
-2.3932928E7
-2.5716736E7
-2.6148864E7
-2.793472E7
-2.793472E7
-2.6875904E7
-2.469888E7
-2.59072E7
-2.8598272E7
-2.870272E7
-2.9448192E7
-2.9872128E7
-3.209216E7
-3.3200128E7
-3.1377408E7
-2.9417472E7
-3.0664704E7
-3.2053248E7
-3.0457856E7
-3.0859264E7
-3.1684608E7
-2.9444096E7
-2.8749824E7
-2.945024E7
-2.9073408E7
-2.7113472E7
-2.7518976E7
-2.7359232E7
-2.7629568E7
-2.5708544E7
-2.4393728E7
-2.367488E7
-2.0076544E7
-1.7686528E7
-1.6994304E7
-1.5896576E7
-1.1472896E7
-8673280.0
-7989248.0
-7137280.0
-6023168.0
-4560896.0
-2541568.0
733184.0
5376000.0
8325120.0
1.1552768E7
1.3213696E7
1.4000128E7
1.6203776E7
1.7553408E7
1.7844224E7
1.8282496E7
1.9331072E7
2.1139456E7
2.1721088E7
1.9095552E7
1.9154944E7
2.1430272E7
1.9734528E7
1.9369984E7
2.0256768E7
1.9040256E7
1.5181824E7
1.2634112E7
1.2529664E7
1.0338304E7
7634944.0
8114176.0
5560320.0
1622016.0
-765952.0
-4466688.0
-6313984.0
-6563840.0
-9050112.0
-8876032.0
-1.3529088E7
-1.7604608E7
-1.9257344E7
-1.970176E7
-2.0596736E7
-2.205696E7
-2.4307712E7
-2.80576E7
-3.0908416E7
-3.3869824E7
-3.6001792E7
-3.9247872E7
-4.3393024E7
-4.7161344E7
-5.0745344E7
-5.6219648E7
-5.776384E7
-5.9475968E7
-6.2291968E7
-6.4985088E7
-6.8644864E7
-7.102464E7
-7.4573824E7
-7.5317248E7
-7.3598976E7
-7.3029632E7
-7.333888E7
-7.2777728E7
-7.0780928E7
-6.8513792E7
-6.66112E7
-6.557696E7
-6.306816E7
-6.3004672E7
-6.3475712E7
-6.3270912E7
-6.2154752E7
-6.2343168E7
-6.2527488E7
-6.4253952E7
-6.257664E7
-6.027264E7
-5.7944064E7
-5.5840768E7
-5.458944E7
-5.4882304E7
-5.4335488E7
-5.5990272E7
-5.5296E7
-5.458944E7
-5.6109056E7
-5.3141504E7
-5.0468864E7
-5.061632E7
-5.1666944E7
-5.1134464E7
-5.1224576E7
-5.1265536E7
-5.0552832E7
-4.7683584E7
-4.6802944E7
-4.6354432E7
-4.4447744E7
-4.3309056E7
-4.5553664E7
-4.6974976E7
-4.616192E7
-4.6456832E7
-4.9031168E7
-5.090304E7
-5.1349504E7
-5.1480576E7
-5.2465664E7
-5.2944896E7
-5.4892544E7
-5.4126592E7
-5.3272576E7
-5.5109632E7
-5.5343104E7
-5.449728E7
-5.5052288E7
-5.6645632E7
-5.7206784E7
-5.6958976E7
-5.4996992E7
-5.460992E7
-5.6414208E7
-5.4761472E7
-5.3993472E7
-5.694464E7
-5.686272E7
-5.5349248E7
-5.4259712E7
-5.3139456E7
-5.4870016E7
-5.6137728E7
-5.659648E7
-5.5988224E7
-5.3501952E7
-5.3364736E7
-5.1728384E7
-4.9963008E7
-4.9127424E7
-4.7591424E7
-4.6624768E7
-4.5144064E7
-4.4875776E7
-4.6051328E7
-4.5234176E7
-4.2778624E7
-4.2571776E7
-4.4771328E7
-4.6104576E7
-4.6585856E7
-4.4572672E7
-4.3147264E7
-4.5316096E7
-4.4081152E7
-4.3177984E7
-4.3505664E7
-4.281344E7
-4.2921984E7
-4.1959424E7
-4.1455616E7
-4.0998912E7
-3.9378944E7
-3.9284736E7
-3.8651904E7
-3.7640192E7
-3.7888E7
-3.9092224E7
-3.704832E7
-3.4803712E7
-3.3449984E7
-3.3818624E7
-3.4574336E7
-3.3718272E7
-3.3624064E7
-3.3273856E7
-3.2280576E7
-3.0717952E7
-3.1107072E7
-3.203072E7
-3.4424832E7
-3.0437376E7
-2.7133952E7
-2.814976E7
-2.5532416E7
-2.3359488E7
-2.3279616E7
-2.220032E7
-2.2853632E7
-2.4594432E7
-2.2833152E7
-2.4000512E7
-2.3599104E7
-2.392064E7
-2.5389056E7
-2.5499648E7
-2.5010176E7
-2.2663168E7
-2.3947264E7
-2.3246848E7
-2.333696E7
-2.3959552E7
-2.5509888E7
-2.6042368E7
-2.562048E7
-2.51904E7
-2.3986176E7
-2.1798912E7
-2.0054016E7
-2.2560768E7
-2.5184256E7
-2.6570752E7
-2.5438208E7
-2.6294272E7
-2.6677248E7
-2.6738688E7
-2.8401664E7
-3.0001152E7
-3.35872E7
-3.3038336E7
-3.4265088E7
-3.6794368E7
-3.7926912E7
-3.7933056E7
-3.9542784E7
-4.1222144E7
-4.1101312E7
-3.93728E7
-3.9747584E7
-4.286464E7
-4.3968512E7
-4.3759616E7
-4.5312E7
-4.8244736E7
-4.9502208E7
-5.1613696E7
-5.1359744E7
-5.3946368E7
-5.6059904E7
-5.494784E7
-5.477376E7
-5.8208256E7
-5.9379712E7
-5.8865664E7
-5.9912192E7
-6.209536E7
-6.3502336E7
-6.2562304E7
-6.1902848E7
-6.2461952E7
-6.2205952E7
-6.3537152E7
-6.3340544E7
-6.3719424E7
-6.3643648E7
-6.4999424E7
-6.761472E7
-6.9167104E7
-6.8564992E7
-6.6002944E7
-6.5851392E7
-6.8186112E7
-6.875136E7
-6.7719168E7
-7.0795264E7
-7.1606272E7
-7.122944E7
-7.185408E7
-7.1139328E7
-6.805504E7
-6.9306368E7
-7.1827456E7
-7.2769536E7
-7.353344E7
-7.5767808E7
-7.6619776E7
-7.4543104E7
-7.4944512E7
-7.5003904E7
-7.4901504E7
-7.5384832E7
-7.548928E7
-7.5278336E7
-7.486464E7
-7.6386304E7
-7.6982272E7
-7.7572096E7
-7.8012416E7
-7.653376E7
-7.82336E7
-7.9243264E7
-7.9726592E7
-7.899136E7
-7.8206976E7
-8.0584704E7
-8.0809984E7
-7.8956544E7
-7.8383104E7
-7.8995456E7
-7.8958592E7
-8.0048128E7
-7.9935488E7
-7.8747648E7
-7.943168E7
-7.9085568E7
-7.5964416E7
-7.4461184E7
-7.6367872E7
-7.6904448E7
-7.5634688E7
-7.3742336E7
-7.298048E7
-7.3603072E7
-7.2112128E7
-7.1368704E7
-7.0537216E7
-6.9451776E7
-6.8845568E7
-6.939648E7
-6.9267456E7
-6.8364288E7
-6.7633152E7
-6.6697216E7
-6.337536E7
-6.1487104E7
-6.0852224E7
-6.1845504E7
-5.9758592E7
-5.8769408E7
-5.8949632E7
-5.7880576E7
-5.7593856E7
-5.748736E7
-5.8292224E7
-5.5762944E7
-5.59616E7
-5.4528E7
-5.3121024E7
-5.4085632E7
-5.3096448E7
-5.1421184E7
-5.1632128E7
-5.1761152E7
-5.1300352E7
-4.8275456E7
-4.6974976E7
-4.7966208E7
-4.7890432E7
-4.4603392E7
-4.1971712E7
-4.0914944E7
-3.8504448E7
-3.766272E7
-3.7070848E7
-3.3662976E7
-3.0365696E7
-2.98496E7
-2.6753024E7
-2.5683968E7
-2.220032E7
-1.782784E7
-1.6384E7
-1.5669248E7
-1.48992E7
-1.149952E7
-9744384.0
-8437760.0
-6457344.0
-4165632.0
-198656.0
4616192.0
6266880.0
1.0909696E7
1.2924928E7
1.4956544E7
1.6267264E7
1.839104E7
2.0375552E7
2.028544E7
2.1336064E7
2.3011328E7
2.7703296E7
3.1318016E7
3.3374208E7
3.653632E7
3.9063552E7
4.0476672E7
4.2768384E7
4.63872E7
4.9620992E7
5.0929664E7
5.271552E7
5.394432E7
5.6737792E7
6.161408E7
6.2574592E7
6.488064E7
6.8876288E7
7.2032256E7
7.5237376E7
7.6038144E7
7.6972032E7
8.147968E7
8.6749184E7
8.764416E7
9.198592E7
9.464832E7
9.5920128E7
9.8250752E7
9.9694592E7
1.02371328E8
1.04175616E8
1.03716864E8
1.07352064E8
1.10194688E8
1.15367936E8
1.163776E8
1.18122496E8
1.19887872E8
1.21489408E8
1.23291648E8
1.23754496E8
1.27033344E8
1.27418368E8
1.27275008E8
1.2713984E8
1.2924928E8
1.31422208E8
1.31004416E8
1.29855488E8
1.28800768E8
1.29271808E8
1.30820096E8
1.31813376E8
1.30179072E8
1.28264192E8
1.29804288E8
1.30347008E8
1.30840576E8
1.29583104E8
1.3059072E8
1.3085696E8
1.29671168E8
1.27895552E8
1.289216E8
1.28937984E8
1.27270912E8
1.28321536E8
1.28806912E8
1.31930112E8
1.34772736E8
1.34350848E8
1.33994496E8
1.34168576E8
1.3645824E8
1.38534912E8
1.41033472E8
1.42583808E8
1.43233024E8
1.42538752E8
1.41699072E8
1.42116864E8
1.45717248E8
1.48248576E8
1.4943232E8
1.50398976E8
1.5161344E8
1.54660864E8
1.55664384E8
1.55713536E8
1.54679296E8
1.58490624E8
1.62637824E8
1.64325376E8
1.66660096E8
1.69795584E8
1.73402112E8
1.75542272E8
1.78817024E8
1.81190656E8
1.83291904E8
1.86372096E8
1.89417472E8
1.92868352E8
1.94615296E8
1.96112384E8
2.00349696E8
2.01766912E8
2.0414464E8
2.07448064E8
2.09334272E8
2.1302272E8
2.16297472E8
2.20209152E8
2.22267392E8
2.23926272E8
2.26701312E8
2.25497088E8
2.27117056E8
2.31108608E8
2.32546304E8
2.323456E8
2.33975808E8
2.3579648E8
2.33433088E8
2.33580544E8
2.33158656E8
2.35409408E8
2.33773056E8
2.30127616E8
2.30404096E8
2.291712E8
2.28171776E8
2.29711872E8
2.28411392E8
2.25841152E8
2.25284096E8
2.23428608E8
2.21636608E8
2.20391424E8
2.17442304E8
2.13276672E8
2.08883712E8
2.06800896E8
2.03405312E8
2.0298752E8
2.0320256E8
2.00245248E8
1.98135808E8
1.95760128E8
1.90539776E8
1.84137728E8
1.80629504E8
1.80355072E8
1.80547584E8
1.76349184E8
1.68353792E8
1.6477184E8
1.62480128E8
1.58539776E8
1.5601664E8
1.52049664E8
1.49778432E8
1.47949568E8
1.43937536E8
1.39393024E8
1.36050688E8
1.31950592E8
1.2957696E8
1.27082496E8
1.2460032E8
1.20672256E8
1.158656E8
1.1375616E8
1.11757312E8
1.06752E8
1.03241728E8
1.0008576E8
9.621504E7
9.2860416E7
9.3073408E7
9.1557888E7
8.9004032E7
8.4496384E7
7.9409152E7
7.84384E7
7.6259328E7
7.211008E7
7.0438912E7
6.7571712E7
6.2572544E7
6.1100032E7
5.9045888E7
6.0592128E7
5.9123712E7
5.737472E7
5.6328192E7
5.3508096E7
5.3174272E7
5.0847744E7
4.783104E7
4.5305856E7
4.2924032E7
4.0892416E7
3.8832128E7
3.8559744E7
3.9524352E7
3.73248E7
3.4670592E7
3.5182592E7
3.4648064E7
3.2495616E7
3.233792E7
3.294208E7
3.3947648E7
3.3642496E7
3.367936E7
3.441664E7
3.42528E7
3.2591872E7
3.1971328E7
3.1268864E7
2.9960192E7
2.9485056E7
2.9155328E7
2.7435008E7
2.4911872E7
2.6533888E7
2.7185152E7
2.6812416E7
2.7721728E7
2.8389376E7
2.7764736E7
2.8254208E7
3.0087168E7
3.0464E7
3.0445568E7
3.13856E7
3.1707136E7
3.1510528E7
3.3236992E7
3.3949696E7
3.2651264E7
3.2247808E7
3.5356672E7
3.6001792E7
3.6530176E7
3.8828032E7
3.9006208E7
3.9313408E7
3.963904E7
4.2596352E7
4.447232E7
4.5684736E7
4.868096E7
5.0024448E7
5.0556928E7
5.2484096E7
5.2502528E7
5.504E7
5.5351296E7
5.4964224E7
5.485568E7
5.686272E7
6.0481536E7
6.2242816E7
6.2480384E7
6.5323008E7
6.5153024E7
6.5736704E7
6.955008E7
7.0371328E7
7.21408E7
7.5186176E7
7.8333952E7
8.093696E7
8.3050496E7
8.4697088E7
8.3695616E7
8.3931136E7
8.7711744E7
8.7834624E7
8.8438784E7
8.9376768E7
9.1011072E7
9.2393472E7
9.3272064E7
9.3663232E7
9.6442368E7
9.8297856E7
9.8648064E7
1.00626432E8
1.0400768E8
1.02453248E8
1.017344E8
1.02787072E8
1.06528768E8
1.09932544E8
1.12171008E8
1.1276288E8
1.15408896E8
1.1844608E8
1.18263808E8
1.17807104E8
1.19642112E8
1.2191744E8
1.23252736E8
1.23011072E8
1.21704448E8
1.23406336E8
1.2406784E8
1.24741632E8
1.27031296E8
1.28428032E8
1.32835328E8
1.35989248E8
1.36228864E8
1.38375168E8
1.38166272E8
1.42485504E8
1.46905088E8
1.45496064E8
1.44674816E8
1.45375232E8
1.44480256E8
1.48170752E8
1.50945792E8
1.53511936E8
1.56479488E8
1.57392896E8
1.57233152E8
1.60395264E8
1.63944448E8
1.65126144E8
1.67860224E8
1.71231232E8
1.74006272E8
1.76859136E8
1.78393088E8
1.81000192E8
1.8307072E8
1.8520064E8
1.87537408E8
1.89550592E8
1.93722368E8
1.98053888E8
2.01836544E8
2.05305856E8
2.08183296E8
2.1184512E8
2.15758848E8
2.20084224E8
2.25777664E8
2.31804928E8
2.38839808E8
2.4308736E8
2.46642688E8
2.53597696E8
2.6064896E8
2.66897408E8
2.73463296E8
2.80127488E8
2.89374208E8
2.97324544E8
3.07871744E8
3.19383552E8
3.28237056E8
3.38802688E8
3.50748672E8
3.64251136E8
3.7538816E8
3.84362496E8
3.9484416E8
4.08614912E8
4.22905856E8
4.37327872E8
4.55563264E8
4.73092096E8
4.90328064E8
5.072384E8
5.259264E8
5.46748416E8
5.66755328E8
5.88439552E8
6.1099008E8
6.3454208E8
6.59652608E8
6.87138816E8
7.14237952E8
7.42393856E8
7.74121472E8
8.06995968E8
8.42295296E8
8.785408E8
9.13209344E8
9.53278464E8
9.96872192E8
1.039126528E9
1.082755072E9
1.126144E9
1.169559552E9
1.216630784E9
1.269614592E9
1.319544832E9
1.368266752E9
1.421205504E9
1.477675008E9
1.535240192E9
1.590124544E9
1.647224832E9
1.707864064E9
1.764102144E9
1.82054912E9
1.878349824E9
1.934999552E9
1.991819264E9
2.047870976E9
2.102167552E9
2.156150784E9
2.20726272E9
2.257252352E9
2.306965504E9
2.351689728E9
2.390919168E9
2.428672E9
2.463143936E9
2.491072512E9
2.520184832E9
2.544799744E9
2.559676416E9
2.569136128E9
2.576764928E9
2.579441664E9
2.574385152E9
2.55734784E9
2.534948864E9
2.508367872E9
2.474979328E9
2.435424256E9
2.389006336E9
2.337611776E9
2.2797824E9
2.224480256E9
2.166052864E9
2.103343104E9
2.043676672E9
1.9841536E9
1.922449408E9
1.862772736E9
1.806526464E9
1.75104E9
1.69670656E9
1.644371968E9
1.595209728E9
1.548752896E9
1.50237184E9
1.457127424E9
1.416536064E9
1.379381248E9
1.343055872E9
1.305530368E9
1.269624832E9
1.23445248E9
1.200627712E9
1.169598464E9
1.141075968E9
1.111631872E9
1.086199808E9
1.059506176E9
1.034061824E9
1.011040256E9
9.88790784E8
9.67421952E8
9.46200576E8
9.23799552E8
9.03790592E8
8.88270848E8
8.70649856E8
8.51693568E8
8.30836736E8
8.12335104E8
7.9868928E8
7.84928768E8
7.71473408E8
7.57522432E8
7.44640512E8
7.32655616E8
7.19429632E8
7.09349376E8
6.98589184E8
6.86934016E8
6.74818048E8
6.64430592E8
6.5516544E8
6.46766592E8
6.37595648E8
6.26905088E8
6.17711616E8
6.12012032E8
6.03273216E8
5.96127744E8
5.89981696E8
5.8363904E8
5.780992E8
5.71240448E8
5.64785152E8
5.57879296E8
5.5283712E8
5.47713024E8
5.4074368E8
5.34564864E8
5.29709056E8
5.26493696E8
5.21170944E8
5.1837952E8
5.16876288E8
5.11248384E8
5.06628096E8
5.04025088E8
5.01835776E8
4.99570688E8
4.95364096E8
4.91220992E8
4.88423424E8
4.88382464E8
4.88931328E8
4.87985152E8
4.84743168E8
4.82977792E8
4.83803136E8
4.82021376E8
4.82390016E8
4.81220608E8
4.7792128E8
4.7707136E8
4.7963136E8
4.8304128E8
4.82347008E8
4.83035136E8
4.84622336E8
4.86936576E8
4.90754048E8
4.90569728E8
4.9225728E8
4.94790656E8
5.0013184E8
5.03144448E8
5.03793664E8
5.07521024E8
5.11623168E8
5.1703808E8
5.19473152E8
5.24904448E8
5.31433472E8
5.36223744E8
5.43156224E8
5.50144E8
5.58196736E8
5.63765248E8
5.70103808E8
5.7667584E8
5.84706048E8
5.90635008E8
5.96383744E8
6.03445248E8
6.10822144E8
6.19454464E8
6.26479104E8
6.3085568E8
6.38185472E8
6.47952384E8
6.57188864E8
6.6214912E8
6.67285504E8
6.7456E8
6.80648704E8
6.8478976E8
6.89094656E8
6.9435392E8
6.99398144E8
7.05615872E8
7.12593408E8
7.20433152E8
7.25512192E8
7.29141248E8
7.32301312E8
7.3652224E8
7.4017792E8
7.45066496E8
7.4875904E8
7.53721344E8
7.57266432E8
7.61536512E8
7.62333184E8
7.62830848E8
7.61739264E8
7.56191232E8
7.51917056E8
7.44482816E8
7.36667648E8
7.32309504E8
7.24973568E8
7.15978752E8
7.04221184E8
6.93071872E8
6.83833344E8
6.72571392E8
6.66599424E8
6.60228096E8
6.53604864E8
6.482944E8
6.41357824E8
6.32549376E8
6.23521792E8
6.14754304E8
6.07741952E8
6.03092992E8
5.95994624E8
5.88034048E8
5.81095424E8
5.76438272E8
5.71150336E8
5.6313856E8
5.52431616E8
5.43318016E8
5.36983552E8
5.30948096E8
5.25764608E8
5.21015296E8
5.14557952E8
5.06112E8
5.0031616E8
4.92224512E8
4.86711296E8
4.82246656E8
4.76033024E8
4.67587072E8
4.59474944E8
4.53382144E8
4.47598592E8
4.41888768E8
4.37035008E8
4.3256832E8
4.26422272E8
4.2044416E8
4.14849024E8
4.10793984E8
4.05911552E8
4.00797696E8
3.9370752E8
3.86625536E8
3.81227008E8
3.7740544E8
3.74018048E8
3.6842496E8
3.6421632E8
3.61684992E8
3.57320704E8
3.51670272E8
3.49902848E8
3.47369472E8
3.43642112E8
3.3949696E8
3.38051072E8
3.3563648E8
3.31649024E8
3.28955904E8
3.25679104E8
3.2449536E8
3.18869504E8
3.13847808E8
3.12856576E8
3.11123968E8
3.07826688E8
3.05840128E8
3.02505984E8
2.9956096E8
2.96122368E8
2.93087232E8
2.91360768E8
2.89603584E8
2.87707136E8
2.85290496E8
2.83588608E8
2.81976832E8
2.79189504E8
2.77297152E8
2.77518336E8
2.76637696E8
2.74147328E8
2.703872E8
2.6732544E8
2.65844736E8
2.6487808E8
2.63407616E8
2.60438016E8
2.56055296E8
2.57927168E8
2.57226752E8
2.52665856E8
2.51439104E8
2.49679872E8
2.46646784E8
2.46902784E8
2.46243328E8
2.4295424E8
2.39478784E8
2.37856768E8
2.3933952E8
2.37236224E8
2.34473472E8
2.32404992E8
2.31725056E8
2.31735296E8
2.30633472E8
2.28411392E8
2.26009088E8
2.25677312E8
2.24940032E8
2.24964608E8
2.23322112E8
2.23977472E8
2.22808064E8
2.19574272E8
2.18908672E8
2.15934976E8
2.1170176E8
2.09149952E8
2.08470016E8
2.07454208E8
2.0401152E8
2.0424704E8
2.06139392E8
2.04111872E8
2.03900928E8
2.02975232E8
2.04425216E8
2.0598784E8
2.0238336E8
1.99829504E8
1.99800832E8
1.97586944E8
1.94379776E8
1.91526912E8
1.91352832E8
1.919488E8
1.91229952E8
1.87908096E8
1.88450816E8
1.8752512E8
1.85694208E8
1.84027136E8
1.85665536E8
1.86169344E8
1.80201472E8
1.78081792E8
1.7931264E8
1.7998848E8
1.80301824E8
1.78311168E8
1.74696448E8
1.72808192E8
1.7287168E8
1.70682368E8
1.68515584E8
1.6930816E8
1.67948288E8
1.6690176E8
1.67821312E8
1.68101888E8
1.65337088E8
1.62029568E8
1.61329152E8
1.60167936E8
1.58162944E8
1.57085696E8
1.56493824E8
1.60047104E8
1.61144832E8
1.59105024E8
1.57804544E8
1.58304256E8
1.57315072E8
1.560064E8
1.55711488E8
1.57571072E8
1.54615808E8
1.53399296E8
1.52008704E8
1.49981184E8
1.50142976E8
1.49323776E8
1.46036736E8
1.45078272E8
1.45729536E8
1.43474688E8
1.423872E8
1.41615104E8
1.39247616E8
1.39595776E8
1.40070912E8
1.39442176E8
1.38930176E8
1.38504192E8
1.39216896E8
1.39036672E8
1.38688512E8
1.380864E8
1.3718528E8
1.3461504E8
1.3262848E8
1.32745216E8
1.33644288E8
1.31743744E8
1.29777664E8
1.29544192E8
1.29839104E8
1.27496192E8
1.27307776E8
1.25843456E8
1.26877696E8
1.25784064E8
1.2453888E8
1.24116992E8
1.22886144E8
1.22783744E8
1.2150784E8
1.20868864E8
1.21020416E8
1.21888768E8
1.18800384E8
1.15146752E8
1.1431936E8
1.1293696E8
1.14366464E8
1.161728E8
1.17139456E8
1.16094976E8
1.14712576E8
1.1436032E8
1.12871424E8
1.12699392E8
1.12185344E8
1.10524416E8
1.10206976E8
1.09119488E8
1.08009472E8
1.05484288E8
1.03366656E8
1.05377792E8
1.0539008E8
1.04937472E8
1.05916416E8
1.04124416E8
1.02592512E8
1.02455296E8
1.01165056E8
1.007616E8
1.02109184E8
1.02744064E8
1.01722112E8
1.02109184E8
1.01711872E8
1.01269504E8
1.00114432E8
9.9584E7
9.9106816E7
9.903104E7
9.8551808E7
9.7189888E7
9.5606784E7
9.5895552E7
9.6700416E7
9.5330304E7
9.4283776E7
9.352192E7
9.2659712E7
9.3560832E7
9.3667328E7
9.4631936E7
9.4928896E7
9.4523392E7
9.2655616E7
9.1619328E7
9.2964864E7
9.3018112E7
9.350144E7
9.3284352E7
9.0998784E7
8.9911296E7
8.8915968E7
8.820736E7
8.8598528E7
8.940544E7
8.7904256E7
8.6247424E7
8.6976512E7
8.7207936E7
8.6597632E7
8.5733376E7
8.3902464E7
8.0883712E7
8.3212288E7
8.6249472E7
8.610816E7
8.3570688E7
8.3693568E7
8.5946368E7
8.554496E7
8.3816448E7
8.2835456E7
8.2591744E7
8.1035264E7
8.07424E7
8.1989632E7
8.160256E7
7.7563904E7
7.5589632E7
7.5300864E7
7.4102784E7
7.318528E7
7.524352E7
7.5573248E7
7.5687936E7
7.5982848E7
7.400448E7
7.2450048E7
7.0690816E7
7.3078784E7
7.64928E7
7.6724224E7
7.6070912E7
7.5118592E7
7.5309056E7
7.6187648E7
7.4129408E7
7.315456E7
7.196672E7
7.2644608E7
7.2792064E7
7.0887424E7
6.9066752E7
6.9240832E7
6.77376E7
6.7403776E7
6.5931264E7
6.7475456E7
7.0332416E7
6.9267456E7
6.7549184E7
6.79936E7
6.8190208E7
6.7373056E7
6.59968E7
6.4690176E7
6.443008E7
6.3553536E7
6.3772672E7
6.4833536E7
6.232064E7
6.2253056E7
6.3721472E7
6.1536256E7
6.2236672E7
6.135808E7
6.1417472E7
6.162432E7
6.130688E7
6.0403712E7
6.2420992E7
6.109184E7
5.8888192E7
5.7821184E7
5.76512E7
5.7325568E7
5.4267904E7
5.438464E7
5.5851008E7
5.6317952E7
5.5242752E7
5.4677504E7
5.3458944E7
5.0774016E7
4.992E7
5.0143232E7
4.931584E7
5.254144E7
5.464064E7
5.1243008E7
5.0794496E7
5.0950144E7
5.1959808E7
5.0292736E7
5.0567168E7
5.0747392E7
5.1105792E7
4.9866752E7
4.7273984E7
4.76672E7
4.92544E7
5.1593216E7
5.0835456E7
5.0046976E7
4.844544E7
4.7681536E7
4.877312E7
4.914176E7
4.8580608E7
4.7622144E7
4.8195584E7
4.683776E7
4.5877248E7
4.3249664E7
4.1263104E7
4.2420224E7
4.3042816E7
4.3421696E7
4.2047488E7
4.0450048E7
4.1803776E7
4.045824E7
3.862528E7
4.033536E7
3.926016E7
4.0429568E7
4.204544E7
4.2553344E7
4.2846208E7
4.1854976E7
4.1007104E7
4.134912E7
4.0771584E7
3.9671808E7
3.8397952E7
3.9305216E7
3.9645184E7
4.1385984E7
3.9663616E7
3.9491584E7
3.77856E7
3.6225024E7
3.6296704E7
3.4514944E7
3.5772416E7
3.929088E7
3.8127616E7
3.8709248E7
3.6890624E7
3.4510848E7
3.3929216E7
3.5168256E7
3.5846144E7
3.5702784E7
3.643392E7
3.5182592E7
3.6581376E7
3.3708032E7
3.34848E7
3.2782336E7
3.213312E7
3.3376256E7
3.3593344E7
3.1793152E7
3.0603264E7
3.012608E7
2.968576E7
2.8798976E7
2.8874752E7
2.8735488E7
2.9679616E7
3.1565824E7
3.0277632E7
2.6601472E7
2.6238976E7
2.7068416E7
2.91328E7
3.2167936E7
3.1266816E7
2.8960768E7
2.9433856E7
2.8192768E7
2.7662336E7
2.935808E7
3.07712E7
2.8674048E7
2.7820032E7
2.896896E7
2.911232E7
2.9913088E7
2.9620224E7
2.7590656E7
2.6845184E7
2.4117248E7
2.38592E7
2.61632E7
2.6148864E7
2.4174592E7
2.2843392E7
2.3805952E7
2.4723456E7
2.367488E7
2.4199168E7
2.5458688E7
2.3963648E7
2.318336E7
2.300928E7
2.42688E7
2.3107584E7
2.1837824E7
2.3631872E7
2.4457216E7
2.3236608E7
2.2183936E7
2.256896E7
2.4317952E7
2.2566912E7
2.3719936E7
2.2181888E7
2.2347776E7
2.282496E7
2.18624E7
2.020352E7
1.85856E7
1.937408E7
2.1082112E7
2.2966272E7
2.2075392E7
2.026496E7
2.225152E7
2.3441408E7
2.2007808E7
2.0553728E7
1.83808E7
1.7616896E7
1.9521536E7
2.0281344E7
1.9351552E7
2.0088832E7
1.8944E7
1.8905088E7
2.0240384E7
1.967104E7
1.5456256E7
1.4764032E7
1.5486976E7
1.455104E7
1.3361152E7
1.2552192E7
1.388544E7
1.5968256E7
1.5427584E7
1.5796224E7
1.789952E7
1.6863232E7
1.328128E7
1.2855296E7
1.408E7
1.4624768E7
1.4972928E7
1.3500416E7
1.349632E7
1.1593728E7
1.1106304E7
1.2931072E7
1.3852672E7
1.4641152E7
1.4659584E7
1.7014784E7
1.6439296E7
1.4999552E7
1.5616E7
1.5560704E7
1.490944E7
1.3283328E7
1.3922304E7
1.3326336E7
1.3377536E7
1.3961216E7
1.209344E7
1.1208704E7
1.1368448E7
9191424.0
7811072.0
1.0080256E7
1.2079104E7
1.1761664E7
1.1773952E7
1.2705792E7
1.1900928E7
1.1780096E7
1.1329536E7
1.0305536E7
1.0391552E7
1.0248192E7
1.011712E7
9879552.0
7366656.0
7677952.0
8380416.0
8574976.0
8560640.0
6285312.0
5613568.0
7602176.0
9762816.0
1.0584064E7
1.0960896E7
9394176.0
7352320.0
7383040.0
6617088.0
7383040.0
7911424.0
6545408.0
5154816.0
4239360.0
5142528.0
6414336.0
6189056.0
5906432.0
6641664.0
7786496.0
8992768.0
1.0186752E7
9381888.0
7479296.0
7743488.0
6377472.0
5601280.0
6250496.0
8656896.0
9416704.0
7757824.0
4530176.0
4696064.0
6004736.0
4970496.0
4519936.0
4356096.0
5752832.0
5697536.0
6860800.0
8249344.0
6770688.0
5033984.0
4169728.0
4755456.0
5160960.0
5707776.0
5916672.0
5502976.0
3643392.0
2603008.0
4175872.0
4773888.0
5443584.0
5105664.0
4128768.0
5447680.0
4616192.0
2770944.0
2363392.0
2533376.0
2603008.0
1955840.0
1323008.0
1810432.0
4388864.0
5820416.0
6862848.0
5978112.0
5423104.0
3604480.0
3774464.0
3979264.0
3072000.0
1953792.0
-417792.0
2258944.0
4325376.0
4413440.0
3061760.0
3508224.0
3063808.0
1402880.0
225280.0
1097728.0
663552.0
-2768896.0
-1931264.0
-34816.0
30720.0
-1165312.0
-1638400.0
1378304.0
1624064.0
-405504.0
1144832.0
745472.0
-2355200.0
-268288.0
2256896.0
1345536.0
1341440.0
509952.0
-38912.0
-509952.0
-2377728.0
-1060864.0
-161792.0
-303104.0
235520.0
-483328.0
-1353728.0
-2183168.0
-784384.0
-737280.0
-663552.0
-727040.0
1083392.0
1214464.0
-585728.0
-1083392.0
-184320.0
-1699840.0
-3055616.0
-2232320.0
-681984.0
-2549760.0
-3305472.0
-1927168.0
-1191936.0
-544768.0
-1724416.0
-1513472.0
894976.0
1363968.0
-698368.0
-129024.0
-215040.0
-796672.0
40960.0
583680.0
-55296.0
-632832.0
-1083392.0
-1867776.0
-2115584.0
-3043328.0
-4544512.0
-3403776.0
-3217408.0
-4308992.0
-4532224.0
-2291712.0
-3567616.0
-4907008.0
-6471680.0
-5267456.0
-2627584.0
681984.0
1783808.0
-983040.0
-1271808.0
-1019904.0
-3045376.0
-3067904.0
-3835904.0
-3485696.0
-825344.0
98304.0
-2308096.0
-4513792.0
-2865152.0
-3260416.0
-3436544.0
-1439744.0
741376.0
-436224.0
-3100672.0
-5582848.0
-6975488.0
-6729728.0
-6809600.0
-7155712.0
-6819840.0
-7516160.0
-7923712.0
-7028736.0
-3987456.0
-4368384.0
-5570560.0
-4939776.0
-3989504.0
-3411968.0
-5892096.0
-6227968.0
-3454976.0
-3950592.0
-5113856.0
-7561216.0
-6744064.0
-6432768.0
-7890944.0
-9775104.0
-9779200.0
-5699584.0
-4718592.0
-3620864.0
-5146624.0
-6930432.0
-6209536.0
-6889472.0
-7282688.0
-6297600.0
-4139008.0
-4472832.0
-4632576.0
-3272704.0
-3448832.0
-5263360.0
-6672384.0
-6529024.0
-4790272.0
-3307520.0
-4231168.0
-4861952.0
-4878336.0
-3637248.0
-2519040.0
-4194304.0
-5343232.0
-5949440.0
-6752256.0
-6455296.0
-6281216.0
-5214208.0
-5199872.0
-5666816.0
-6094848.0
-5533696.0
-5902336.0
-7985152.0
-7481344.0
-6518784.0
-8814592.0
-9873408.0
-9945088.0
-8519680.0
-7405568.0
-9631744.0
-9236480.0
-7477248.0
-8198144.0
-9017344.0
-8413184.0
-7497728.0
-7073792.0
-8218624.0
-8617984.0
-7028736.0
-8622080.0
-8677376.0
-7405568.0
-8570880.0
-7528448.0
-6830080.0
-8355840.0
-8355840.0
-8667136.0
-8550400.0
-7936000.0
-5343232.0
-4927488.0
-7284736.0
-8437760.0
-7188480.0
-7454720.0
-8056832.0
-7020544.0
-5023744.0
-4898816.0
-7161856.0
-6758400.0
-6920192.0
-7340032.0
-7122944.0
-5726208.0
-6850560.0
-7348224.0
-7186432.0
-7092224.0
-7028736.0
-6500352.0
-6823936.0
-5933056.0
-7135232.0
-1.1085824E7
-1.0952704E7
-9375744.0
-8177664.0
-8183808.0
-8863744.0
-7786496.0
-9359360.0
-1.1302912E7
-1.1569152E7
-1.0694656E7
-8400896.0
-5189632.0
-7090176.0
-8478720.0
-8370176.0
-7383040.0
-6578176.0
-8726528.0
-8812544.0
-9222144.0
-7522304.0
-8761344.0
-1.0215424E7
-1.025024E7
-8908800.0
-8833024.0
-1.0323968E7
-1.0213376E7
-9142272.0
-9816064.0
-9764864.0
-1.1524096E7
-1.1606016E7
-8589312.0
-6207488.0
-5220352.0
-6111232.0
-7419904.0
-8974336.0
-9248768.0
-8267776.0
-5971968.0
-6078464.0
-4997120.0
-5687296.0
-8341504.0
-8169472.0
-7002112.0
-7249920.0
-8429568.0
-8888320.0
-8716288.0
-7550976.0
-6737920.0
-8171520.0
-7471104.0
-7837696.0
-7464960.0
-7159808.0
-9238528.0
-7182336.0
-4874240.0
-4458496.0
-4110336.0
-5320704.0
-5756928.0
-6305792.0
-7192576.0
-7817216.0
-8544256.0
-7395328.0
-6758400.0
-6674432.0
-8144896.0
-7526400.0
-7632896.0
-6897664.0
-4851712.0
-8128512.0
-9486336.0
-9658368.0
-1.02912E7
-9852928.0
-9951232.0
-8437760.0
-9191424.0
-8214528.0
-5994496.0
-5728256.0
-6144000.0
-5728256.0
-6969344.0
-7100416.0
-7546880.0
-8861696.0
-9363456.0
-8595456.0
-7710720.0
-8243200.0
-7561216.0
-8454144.0
-7596032.0
-7634944.0
-1.004544E7
-9109504.0
-8704000.0
-9684992.0
-6543360.0
-4941824.0
-6031360.0
-8968192.0
-8323072.0
-8253440.0
-8013824.0
-8421376.0
-8570880.0
-8972288.0
-9830400.0
-7090176.0
-6963200.0
-6469632.0
-8454144.0
-1.0881024E7
-1.143808E7
-1.1444224E7
-1.1143168E7
-1.108992E7
-1.0399744E7
-1.0006528E7
-8980480.0
-8488960.0
-9807872.0
-9519104.0
-9412608.0
-8273920.0
-8212480.0
-6817792.0
-6191104.0
-8032256.0
-6522880.0
-7909376.0
-7280640.0
-6256640.0
-7372800.0
-6248448.0
-5122048.0
-5906432.0
-4999168.0
-4155392.0
-6621184.0
-7729152.0
-7729152.0
-6848512.0
-5263360.0
-5797888.0
-6463488.0
-8902656.0
-1.043456E7
-1.2003328E7
-1.2337152E7
-7950336.0
-7151616.0
-8415232.0
-8054784.0
-6873088.0
-7340032.0
-7286784.0
-4554752.0
-5795840.0
-5746688.0
-6379520.0
-7534592.0
-7862272.0
-9066496.0
-9134080.0
-9887744.0
-8800256.0
-8157184.0
-9037824.0
-9496576.0
-7675904.0
-6981632.0
-6342656.0
-8040448.0
-6633472.0
-2463744.0
-4122624.0
-7471104.0
-7663616.0
-9609216.0
-8894464.0
-6529024.0
-6518784.0
-6682624.0
-5353472.0
-4829184.0
-6219776.0
-7753728.0
-8470528.0
-7833600.0
-8710144.0
-6002688.0
-6168576.0
-6090752.0
-4673536.0
-5373952.0
-5517312.0
-7350272.0
-8214528.0
-9166848.0
-9492480.0
-8302592.0
-6449152.0
-5687296.0
-3723264.0
-1185792.0
-2015232.0
-5873664.0
-7135232.0
-7829504.0
-6920192.0
-7628800.0
-9062400.0
-6060032.0
-4358144.0
-4343808.0
-4532224.0
-3565568.0
-6299648.0
-8675328.0
-8017920.0
-6946816.0
-7198720.0
-5072896.0
-4823040.0
-6690816.0
-8517632.0
-8525824.0
-8306688.0
-7411712.0
-5605376.0
-6672384.0
-5629952.0
-3805184.0
-4071424.0
-3844096.0
-5853184.0
-5421056.0
-4163584.0
-3364864.0
-4392960.0
-5992448.0
-5744640.0
-4839424.0
-5869568.0
-8329216.0
-8177664.0
-7079936.0
-6764544.0
-9293824.0
-9197568.0
-7718912.0
-7481344.0
-8187904.0
-7698432.0
-6936576.0
-7739392.0
-5937152.0
-5924864.0
-5988352.0
-3815424.0
-6506496.0
-6391808.0
-5271552.0
-5787648.0
-7106560.0
-7342080.0
-7849984.0
-5664768.0
-6273024.0
-8290304.0
-8355840.0
-9306112.0
-9611264.0
-9080832.0
-7329792.0
-6373376.0
-6178816.0
-4651008.0
-4569088.0
-4515840.0
-5154816.0
-3581952.0
-1843200.0
-2897920.0
-3966976.0
-5277696.0
-4864000.0
-4780032.0
-6801408.0
-8298496.0
-6615040.0
-7890944.0
-8069120.0
-5341184.0
-3028992.0
-3911680.0
-6402048.0
-9373696.0
-8095744.0
-3856384.0
-2861056.0
-3315712.0
-3534848.0
-4880384.0
-7499776.0
-8302592.0
-6500352.0
-7503872.0
-4798464.0
-2971648.0
-3762176.0
-5275648.0
-5292032.0
-5203968.0
-3323904.0
-1656832.0
-2207744.0
-1353728.0
-3127296.0
-2373632.0
-2785280.0
-3553280.0
-4188160.0
-2721792.0
-5214208.0
-7329792.0
-5543936.0
-5064704.0
-6217728.0
-5763072.0
-6664192.0
-7667712.0
-6354944.0
-6830080.0
-8153088.0
-9046016.0
-5953536.0
-4444160.0
-4102144.0
-3213312.0
-4501504.0
-6436864.0
-4911104.0
-4577280.0
-3747840.0
-3434496.0
-2082816.0
-2627584.0
-4538368.0
-3622912.0
-5048320.0
-7575552.0
-8202240.0
-6666240.0
-5365760.0
-3313664.0
-3532800.0
-3203072.0
-1687552.0
-1916928.0
-3719168.0
-4384768.0
-4919296.0
-4970496.0
-4843520.0
-3737600.0
-2695168.0
-2678784.0
-1939456.0
-1044480.0
-1681408.0
-4034560.0
-3995648.0
-1812480.0
-1255424.0
-2609152.0
-2836480.0
-3452928.0
-3184640.0
-2258944.0
-5007360.0
-6174720.0
-3731456.0
-3303424.0
-1990656.0
1142784.0
-167936.0
-1656832.0
-1267712.0
-1564672.0
-3774464.0
-5273600.0
-5566464.0
-5011456.0
-6100992.0
-4849664.0
-2697216.0
-2519040.0
-2162688.0
-1894400.0
-1689600.0
-4069376.0
-3227648.0
-1398784.0
-233472.0
-706560.0
-137216.0
-221184.0
-266240.0
305152.0
-1021952.0
-3430400.0
-4831232.0
-3608576.0
-2502656.0
-3198976.0
-3424256.0
-3338240.0
-3043328.0
-4020224.0
-6051840.0
-6385664.0
-4827136.0
-3923968.0
-4982784.0
-4968448.0
-4689920.0
-3129344.0
-3721216.0
-5066752.0
-4304896.0
-3559424.0
-4487168.0
-3457024.0
-2338816.0
-1716224.0
-4280320.0
-6193152.0
-5091328.0
-4554752.0
-3893248.0
-2353152.0
-1716224.0
-3248128.0
-2910208.0
-2498560.0
-1896448.0
-3616768.0
-4564992.0
-3663872.0
-3078144.0
-3934208.0
-2707456.0
-2861056.0
-2590720.0
-2654208.0
-2914304.0
-3178496.0
-4491264.0
-4261888.0
-2971648.0
-1304576.0
-1550336.0
-1298432.0
-1128448.0
-993280.0
-110592.0
-700416.0
-3244032.0
-3637248.0
-4474880.0
-5206016.0
-4921344.0
-4349952.0
-3704832.0
-2568192.0
-2795520.0
-2598912.0
-1916928.0
-2848768.0
-3680256.0
-1275904.0
1622016.0
585728.0
-886784.0
-1038336.0
-808960.0
-634880.0
-1001472.0
-3198976.0
-3082240.0
-1562624.0
-1087488.0
-83968.0
-688128.0
704512.0
1466368.0
1101824.0
-280576.0
69632.0
1118208.0
-174080.0
-1931264.0
-534528.0
632832.0
-1492992.0
-737280.0
1748992.0
794624.0
-1155072.0
-1650688.0
-1478656.0
-221184.0
-2490368.0
-389120.0
919552.0
-333824.0
778240.0
749568.0
-1945600.0
-2656256.0
229376.0
2447360.0
2379776.0
1961984.0
2273280.0
1116160.0
-59392.0
57344.0
999424.0
2633728.0
3270656.0
2551808.0
966656.0
1470464.0
2314240.0
1867776.0
1370112.0
714752.0
-475136.0
-798720.0
970752.0
1947648.0
1814528.0
-587776.0
-509952.0
-518144.0
694272.0
2904064.0
1341440.0
-700416.0
-612352.0
831488.0
2297856.0
2816000.0
3049472.0
2197504.0
1835008.0
1904640.0
1708032.0
3166208.0
4984832.0
4196352.0
3287040.0
4274176.0
3170304.0
2031616.0
2351104.0
3342336.0
2785280.0
3006464.0
4151296.0
3786752.0
1933312.0
1343488.0
1792000.0
3209216.0
3743744.0
3807232.0
4204544.0
3653632.0
4300800.0
3731456.0
1482752.0
1241088.0
937984.0
1329152.0
1849344.0
1458176.0
1609728.0
3549184.0
5130240.0
5351424.0
5701632.0
3436544.0
4337664.0
4294656.0
2523136.0
2795520.0
3239936.0
1974272.0
2504704.0
2895872.0
3543040.0
5355520.0
5824512.0
5705728.0
3035136.0
4122624.0
4872192.0
3409920.0
4208640.0
6432768.0
7186432.0
6348800.0
6346752.0
6705152.0
6643712.0
5607424.0
2480128.0
2134016.0
3936256.0
4048896.0
3960832.0
4491264.0
5480448.0
5416960.0
4104192.0
4470784.0
5965824.0
6488064.0
7481344.0
5597184.0
3987456.0
4818944.0
7061504.0
6098944.0
6156288.0
4823040.0
1841152.0
3334144.0
5539840.0
5638144.0
6750208.0
6776832.0
5769216.0
7020544.0
6578176.0
2992128.0
983040.0
1439744.0
3160064.0
5316608.0
3164160.0
1302528.0
3495936.0
5222400.0
4773888.0
3780608.0
3545088.0
4366336.0
5074944.0
5773312.0
5048320.0
5986304.0
5124096.0
5193728.0
5572608.0
5537792.0
5795840.0
6152192.0
5769216.0
6275072.0
3827712.0
2746368.0
4962304.0
6502400.0
6174720.0
6299648.0
4927488.0
3993600.0
5898240.0
3588096.0
3897344.0
4368384.0
3665920.0
5511168.0
7178240.0
9625600.0
1.0358784E7
7479296.0
7073792.0
6699008.0
6076416.0
5824512.0
7278592.0
8443904.0
6844416.0
7337984.0
6686720.0
5969920.0
7483392.0
8151040.0
8228864.0
8323072.0
9547776.0
9625600.0
8785920.0
7364608.0
5361664.0
5328896.0
7938048.0
7788544.0
1.0330112E7
1.1972608E7
8886272.0
7766016.0
1.0033152E7
9185280.0
6930432.0
5953536.0
6406144.0
6725632.0
8445952.0
7307264.0
8579072.0
1.0463232E7
7395328.0
8658944.0
9097216.0
8394752.0
8325120.0
6746112.0
5173248.0
5326848.0
7442432.0
5621760.0
5738496.0
7792640.0
8818688.0
9371648.0
8564736.0
1.0981376E7
8720384.0
8026112.0
6514688.0
7708672.0
9859072.0
1.0786816E7
1.0850304E7
1.096704E7
9820160.0
8546304.0
1.0573824E7
1.043456E7
8925184.0
7581696.0
9003008.0
9887744.0
9621504.0
1.0381312E7
9586688.0
9105408.0
5969920.0
5705728.0
9474048.0
9107456.0
7966720.0
9607168.0
1.1044864E7
1.0502144E7
1.0113024E7
1.0221568E7
1.1528192E7
1.1790336E7
1.0737664E7
9766912.0
7485440.0
6932480.0
7901184.0
9086976.0
1.2177408E7
1.2607488E7
1.1839488E7
1.1368448E7
1.1511808E7
1.3408256E7
1.1771904E7
1.1085824E7
1.2566528E7
1.2812288E7
1.2443648E7
9965568.0
8728576.0
9486336.0
9646080.0
9900032.0
9617408.0
8003584.0
8699904.0
8841216.0
8187904.0
9650176.0
1.0246144E7
9185280.0
9510912.0
9662464.0
9902080.0
9537536.0
9076736.0
8916992.0
1.0620928E7
1.2701696E7
1.2519424E7
1.1280384E7
1.2130304E7
9902080.0
1.1962368E7
1.227776E7
9656320.0
1.0110976E7
1.0407936E7
1.1708416E7
1.2597248E7
1.272832E7
1.1958272E7
1.2234752E7
1.1442176E7
1.0262528E7
1.074176E7
1.206272E7
1.2785664E7
1.2623872E7
1.19808E7
1.1276288E7
1.0561536E7
9328640.0
1.043456E7
1.1321344E7
8361984.0
1.0883072E7
1.1214848E7
1.1128832E7
9586688.0
7122944.0
8413184.0
1.00352E7
1.03936E7
9134080.0
8730624.0
1.10592E7
1.0125312E7
7346176.0
6895616.0
6875136.0
6916096.0
5660672.0
4093952.0
2848768.0
1034240.0
-237568.0
-1126400.0
-2011136.0
-1060864.0
-2033664.0
-3528704.0
-5195776.0
-5021696.0
-4827136.0
-6449152.0
-6307840.0
-6772736.0
-9531392.0
-1.2075008E7
-1.349632E7
-1.4077952E7
-1.1390976E7
-1.0569728E7
-1.2529664E7
-1.5446016E7
-2.002944E7
-2.3584768E7
-2.427904E7
-2.6312704E7
-2.658304E7
-2.7885568E7
-3.0349312E7
-3.330048E7
-3.5721216E7
-3.7433344E7
-4.187136E7
-4.5907968E7
-5.0141184E7
-5.2258816E7
-5.3786624E7
-5.5353344E7
-6.0092416E7
-6.3782912E7
-6.6134016E7
-6.9834752E7
-7.33184E7
-7.6609536E7
-8.0185344E7
-8.372224E7
-8.8113152E7
-9.235456E7
-9.7871872E7
-1.03041024E8
-1.07886592E8
-1.13115136E8
-1.18140928E8
-1.230336E8
-1.30981888E8
-1.38246144E8
-1.428992E8
-1.47982336E8
-1.55031552E8
-1.6275456E8
-1.70405888E8
-1.778688E8
-1.84305664E8
-1.93824768E8
-2.01945088E8
-2.0871168E8
-2.16426496E8
-2.24643072E8
-2.33525248E8
-2.40781312E8
-2.47445504E8
-2.5752576E8
-2.676224E8
-2.76293632E8
-2.86889984E8
-2.96853504E8
-3.07658752E8
-3.19412224E8
-3.2935936E8
-3.41983232E8
-3.5521536E8
-3.6686848E8
-3.78456064E8
-3.8949888E8
-4.0068096E8
-4.1346048E8
-4.26778624E8
-4.41583616E8
-4.55292928E8
-4.67689472E8
-4.81318912E8
-4.9427456E8
-5.08106752E8
-5.23902976E8
-5.39168768E8
-5.54596352E8
-5.70095616E8
-5.86774528E8
-6.03418624E8
-6.18143744E8
-6.34097664E8
-6.48996864E8
-6.66216448E8
-6.84742656E8
-7.03760384E8
-7.22548736E8
-7.37947648E8
-7.56494336E8
-7.74823936E8
-7.92897536E8
-8.12107776E8
-8.3213312E8
-8.51134464E8
-8.7174144E8
-8.93237248E8
-9.14153472E8
-9.35358464E8
-9.54015744E8
-9.72812288E8
-9.92651264E8
-1.016733696E9
-1.039374336E9
-1.059223552E9
-1.082073088E9
-1.104525312E9
-1.125595136E9
-1.146474496E9
-1.169330176E9
-1.191143424E9
-1.214208E9
-1.23687936E9
-1.259720704E9
-1.283813376E9
-1.306191872E9
-1.330632704E9
-1.354530816E9
-1.377835008E9
-1.40075008E9
-1.424596992E9
-1.449209856E9
-1.475569664E9
-1.500872704E9
-1.524062208E9
-1.549056E9
-1.574436864E9
-1.598517248E9
-1.621833728E9
-1.64612096E9
-1.67370752E9
-1.700241408E9
-1.722812416E9
-1.746305024E9
-1.770258432E9
