# File created = Monday, January 27, 2025 at 5:04:31 PM Greenwich Mean Time
# Data set = 2025-01-15-AH-BIO-02  140  1  /Users/alexhill/Downloads/2025-01-15-2025-01-15-AH-BIO-NMR
# Spectral Region:
# LEFT = 16.239290237426758 ppm. RIGHT = -3.8892911404150006 ppm.
#
# SIZE = 8192 ( = number of points)
#
# In the following ordering is from the 'left' to the 'right' limits!
# Lines beginning with '#' must be considered as comment lines.
#
-1.949196288E9
-1.921138688E9
-1.893556224E9
-1.865949184E9
-1.839364096E9
-1.814687744E9
-1.78879488E9
-1.762217984E9
-1.733853184E9
-1.707671552E9
-1.67986176E9
-1.652269056E9
-1.627394048E9
-1.601202176E9
-1.575870464E9
-1.549447168E9
-1.524441088E9
-1.49960704E9
-1.47477504E9
-1.44963584E9
-1.423126528E9
-1.396588544E9
-1.371742208E9
-1.34719488E9
-1.320859648E9
-1.296478208E9
-1.272203264E9
-1.249273856E9
-1.227134976E9
-1.20158208E9
-1.179121664E9
-1.155217408E9
-1.13188864E9
-1.110972416E9
-1.087285248E9
-1.06349568E9
-1.041102848E9
-1.017821184E9
-9.95151872E8
-9.75255552E8
-9.541632E8
-9.332224E8
-9.11591424E8
-8.91650048E8
-8.71462912E8
-8.52447232E8
-8.3290112E8
-8.1325056E8
-7.9209472E8
-7.7339648E8
-7.53823744E8
-7.34334976E8
-7.19302656E8
-7.01827072E8
-6.82778624E8
-6.64037376E8
-6.47817216E8
-6.30136832E8
-6.13451776E8
-5.9850752E8
-5.83237632E8
-5.69350144E8
-5.54637312E8
-5.38556416E8
-5.23671552E8
-5.08182528E8
-4.9307648E8
-4.79309824E8
-4.6618624E8
-4.53419008E8
-4.41094144E8
-4.29637632E8
-4.1647104E8
-4.01557504E8
-3.9003136E8
-3.74423552E8
-3.60292352E8
-3.4895872E8
-3.37352704E8
-3.2771072E8
-3.20169984E8
-3.1122432E8
-2.99722752E8
-2.89748992E8
-2.80025088E8
-2.70872576E8
-2.62797312E8
-2.54724096E8
-2.470912E8
-2.36689408E8
-2.26727936E8
-2.18601472E8
-2.09741824E8
-2.02545152E8
-1.9458048E8
-1.87570176E8
-1.82173696E8
-1.76871424E8
-1.69977856E8
-1.64632576E8
-1.5722496E8
-1.49909504E8
-1.43734784E8
-1.36722432E8
-1.3152256E8
-1.26502912E8
-1.23557888E8
-1.19656448E8
-1.13651712E8
-1.08951552E8
-1.0351616E8
-1.010688E8
-9.6329728E7
-8.9995264E7
-8.7420928E7
-8.56576E7
-8.070144E7
-7.6474368E7
-7.1866368E7
-6.8923392E7
-6.6586624E7
-6.3791104E7
-6.2042112E7
-5.9629568E7
-5.7165824E7
-5.431296E7
-5.2713472E7
-4.7910912E7
-4.5805568E7
-4.4883968E7
-4.2835968E7
-4.1814016E7
-3.890176E7
-3.7281792E7
-3.555328E7
-2.9822976E7
-2.736128E7
-2.7373568E7
-2.7723776E7
-2.6728448E7
-2.5270272E7
-2.4997888E7
-2.3713792E7
-2.3990272E7
-2.1379072E7
-1.8733056E7
-1.8925568E7
-2.045952E7
-1.9183616E7
-1.7508352E7
-1.7944576E7
-1.6246784E7
-1.3950976E7
-1.1747328E7
-1.217536E7
-1.2333056E7
-1.3651968E7
-1.3438976E7
-1.2167168E7
-1.1513856E7
-9715712.0
-9435136.0
-9586688.0
-9463808.0
-1.056768E7
-1.1012096E7
-1.0166272E7
-9205760.0
-7858176.0
-7675904.0
-8716288.0
-7925760.0
-8067072.0
-7139328.0
-7575552.0
-8278016.0
-7063552.0
-7344128.0
-8781824.0
-1.1104256E7
-1.2326912E7
-1.1462656E7
-1.1444224E7
-1.191936E7
-9179136.0
-7553024.0
-6862848.0
-7735296.0
-8034304.0
-8214528.0
-8200192.0
-5421056.0
-4984832.0
-7464960.0
-9209856.0
-9693184.0
-1.0930176E7
-1.1925504E7
-8419328.0
-7151616.0
-8491008.0
-8237056.0
-7118848.0
-7004160.0
-7374848.0
-7417856.0
-6991872.0
-5560320.0
-3450880.0
-3602432.0
-4212736.0
-5685248.0
-7112704.0
-6000640.0
-5330944.0
-6932480.0
-7262208.0
-5431296.0
-7663616.0
-6715392.0
-6701056.0
-7292928.0
-6653952.0
-7577600.0
-5478400.0
-2822144.0
-5324800.0
-6150144.0
-4098048.0
-5019648.0
-2734080.0
-1540096.0
-425984.0
-1318912.0
-1445888.0
-2017280.0
-3010560.0
-737280.0
634880.0
-1320960.0
-4421632.0
-5142528.0
-6520832.0
-5748736.0
-4870144.0
-5582848.0
-5799936.0
-5429248.0
-5488640.0
-6150144.0
-5255168.0
-3143680.0
-3463168.0
-4089856.0
-4374528.0
-2797568.0
-3586048.0
-4149248.0
-3766272.0
-5382144.0
-6414336.0
-5126144.0
-4335616.0
-4960256.0
-5824512.0
-4005888.0
-3053568.0
-3864576.0
-4702208.0
-4319232.0
-2881536.0
-5218304.0
-6225920.0
-7276544.0
-6539264.0
-6074368.0
-6858752.0
-7063552.0
-7567360.0
-8615936.0
-7677952.0
-6576128.0
-7770112.0
-6146048.0
-4835328.0
-6176768.0
-5554176.0
-5476352.0
-7180288.0
-7038976.0
-7229440.0
-7735296.0
-5896192.0
-3035136.0
-2349056.0
-2961408.0
-3153920.0
-5232640.0
-5136384.0
-4716544.0
-5169152.0
-4265984.0
-5015552.0
-4986880.0
-2838528.0
-2758656.0
-4204544.0
-5832704.0
-6115328.0
-6172672.0
-6785024.0
-6240256.0
-4218880.0
-2574336.0
-1961984.0
-2234368.0
-3651584.0
-4100096.0
-5730304.0
-5568512.0
-3305472.0
-2895872.0
-4591616.0
-5636096.0
-4055040.0
-2983936.0
-2871296.0
-4110336.0
-4960256.0
-3848192.0
-3526656.0
-4319232.0
-5298176.0
-5310464.0
-5826560.0
-5179392.0
-5853184.0
-7208960.0
-5027840.0
-5160960.0
-5490688.0
-3770368.0
-4421632.0
-6791168.0
-5873664.0
-3416064.0
-3358720.0
-3115008.0
-5056512.0
-4429824.0
-4024320.0
-7108608.0
-5552128.0
-4433920.0
-4247552.0
-3164160.0
-4038656.0
-3971072.0
-4206592.0
-2580480.0
-4585472.0
-5214208.0
-5840896.0
-7489536.0
-7446528.0
-6739968.0
-4403200.0
-5455872.0
-5246976.0
-2836480.0
-2459648.0
-5330944.0
-4448256.0
-3837952.0
-1740800.0
-2381824.0
-2641920.0
-692224.0
-825344.0
-2598912.0
-4169728.0
-3248128.0
-4911104.0
-4603904.0
-5025792.0
-6762496.0
-6469632.0
-3930112.0
-2217984.0
-1968128.0
-2375680.0
-4171776.0
-5664768.0
-6055936.0
-2539520.0
-1677312.0
-4018176.0
-5859328.0
-5040128.0
-4155392.0
-3831808.0
-3844096.0
-3577856.0
-2412544.0
-274432.0
2347008.0
-686080.0
-3682304.0
-800768.0
-1769472.0
-3483648.0
-3598336.0
-3127296.0
-3096576.0
-4300800.0
-4165632.0
-4667392.0
-5218304.0
-5580800.0
-5599232.0
-3905536.0
-2936832.0
-3921920.0
-4241408.0
-5398528.0
-2603008.0
-3299328.0
-727040.0
192512.0
167936.0
-2078720.0
-2056192.0
-131072.0
-2048.0
458752.0
-167936.0
-1755136.0
-2009088.0
-645120.0
-1368064.0
-2023424.0
-2547712.0
-1607680.0
-2260992.0
-2445312.0
-5773312.0
-8521728.0
-6764544.0
-5963776.0
-5220352.0
-4395008.0
-5263360.0
-1085440.0
1171456.0
1327104.0
-1255424.0
-903168.0
-311296.0
-1660928.0
-3485696.0
-3424256.0
-1656832.0
-2125824.0
-2160640.0
8192.0
-163840.0
-1964032.0
-2250752.0
-1206272.0
-1447936.0
-2310144.0
-2988032.0
-4151296.0
-4515840.0
-2682880.0
-1648640.0
-3780608.0
-3198976.0
-2349056.0
-2009088.0
-2246656.0
-3596288.0
-4274176.0
-4204544.0
-4503552.0
-4356096.0
-4034560.0
-4634624.0
-4182016.0
-2459648.0
-2390016.0
-2426880.0
-4528128.0
-3225600.0
-2396160.0
-2332672.0
-1269760.0
-448512.0
610304.0
630784.0
-747520.0
1087488.0
350208.0
-2529280.0
-4585472.0
-4673536.0
-1746944.0
-929792.0
-1986560.0
-1122304.0
6144.0
-876544.0
-1787904.0
-3139584.0
-2877440.0
-3471360.0
-2469888.0
-952320.0
-1843200.0
-595968.0
-493568.0
-2656256.0
-2457600.0
-2750464.0
-1134592.0
-1282048.0
-96256.0
643072.0
-28672.0
2029568.0
3336192.0
3254272.0
3706880.0
2713600.0
675840.0
120832.0
-413696.0
-475136.0
-1161216.0
-1646592.0
-659456.0
407552.0
997376.0
65536.0
-1456128.0
536576.0
352256.0
-182272.0
131072.0
178176.0
792576.0
-444416.0
-1126400.0
321536.0
2947072.0
3028992.0
3293184.0
2465792.0
233472.0
1234944.0
1433600.0
2156544.0
1288192.0
790528.0
608256.0
1196032.0
2785280.0
-14336.0
-636928.0
681984.0
1875968.0
-1110016.0
-4339712.0
-2934784.0
-3526656.0
-1921024.0
-456704.0
-1556480.0
-518144.0
438272.0
-1404928.0
-3379200.0
-2148352.0
-2516992.0
-1116160.0
-229376.0
3201024.0
2207744.0
-628736.0
1359872.0
1054720.0
-34816.0
2043904.0
376832.0
-860160.0
-417792.0
172032.0
1605632.0
395264.0
-225280.0
-2662400.0
-1050624.0
739328.0
835584.0
409600.0
3217408.0
4788224.0
4159488.0
3510272.0
2781184.0
1353728.0
2353152.0
1175552.0
1595392.0
2863104.0
905216.0
-1224704.0
-720896.0
-245760.0
-583680.0
595968.0
1572864.0
1359872.0
1576960.0
-370688.0
501760.0
2521088.0
1052672.0
1751040.0
1318912.0
1124352.0
722944.0
2004992.0
2217984.0
2052096.0
714752.0
1495040.0
1495040.0
550912.0
22528.0
-368640.0
-1196032.0
-1988608.0
-2918400.0
-1777664.0
-1400832.0
-813056.0
1417216.0
2729984.0
2826240.0
2154496.0
2101248.0
1277952.0
1732608.0
3026944.0
3555328.0
3289088.0
3788800.0
3151872.0
1462272.0
-38912.0
2732032.0
3850240.0
3227648.0
2543616.0
1820672.0
3149824.0
3813376.0
4308992.0
2992128.0
4696064.0
3633152.0
1234944.0
-14336.0
0.0
2433024.0
2748416.0
1167360.0
-1282048.0
487424.0
1234944.0
1304576.0
1404928.0
-442368.0
-1099776.0
-319488.0
3416064.0
5701632.0
4554752.0
4245504.0
3160064.0
4646912.0
4337664.0
4573184.0
3825664.0
3108864.0
5081088.0
4892672.0
4870144.0
4048896.0
2600960.0
1609728.0
1093632.0
-688128.0
-270336.0
1837056.0
2963456.0
4429824.0
3442688.0
997376.0
1347584.0
342016.0
3106816.0
1900544.0
-1036288.0
-905216.0
690176.0
2435072.0
141312.0
-382976.0
-374784.0
-999424.0
868352.0
2850816.0
1484800.0
3049472.0
4620288.0
6053888.0
5416960.0
4294656.0
4167680.0
3672064.0
4075520.0
4552704.0
3674112.0
4032512.0
6793216.0
4577280.0
3168256.0
2195456.0
1581056.0
595968.0
-339968.0
1478656.0
1417216.0
2189312.0
3612672.0
6385664.0
5251072.0
3252224.0
3172352.0
3258368.0
2217984.0
4102144.0
6197248.0
5171200.0
5650432.0
3434496.0
2441216.0
4165632.0
4755456.0
4876288.0
5275648.0
4745216.0
3534848.0
1456128.0
604160.0
1916928.0
3387392.0
3551232.0
2867200.0
3260416.0
2703360.0
585728.0
1857536.0
2744320.0
5615616.0
6039552.0
3420160.0
2785280.0
1437696.0
985088.0
2299904.0
3987456.0
4206592.0
4853760.0
3524608.0
2639872.0
3870720.0
6957056.0
7948288.0
5763072.0
4962304.0
5177344.0
5523456.0
3655680.0
2590720.0
3477504.0
6502400.0
7348224.0
6197248.0
5904384.0
5654528.0
6047744.0
5257216.0
4644864.0
7358464.0
6844416.0
6313984.0
4898816.0
4036608.0
3721216.0
2899968.0
3518464.0
3123200.0
2527232.0
1961984.0
4018176.0
4204544.0
1904640.0
438272.0
2631680.0
3416064.0
4890624.0
5851136.0
5289984.0
4648960.0
3381248.0
2969600.0
3473408.0
3987456.0
4847616.0
4483072.0
1660928.0
2183168.0
4495360.0
3241984.0
2938880.0
3526656.0
4171776.0
4057088.0
4239360.0
4564992.0
4847616.0
2555904.0
2107392.0
2447360.0
3846144.0
4882432.0
2445312.0
-614400.0
538624.0
1077248.0
-714752.0
-272384.0
-159744.0
1361920.0
2344960.0
3102720.0
3665920.0
4896768.0
4995072.0
7047168.0
5658624.0
1925120.0
2217984.0
1650688.0
49152.0
-835584.0
165888.0
4796416.0
6074368.0
7606272.0
8173568.0
6912000.0
5066752.0
5177344.0
4517888.0
3975168.0
6828032.0
5593088.0
4315136.0
6133760.0
7542784.0
6707200.0
4247552.0
2437120.0
333824.0
960512.0
1271808.0
2662400.0
3348480.0
2525184.0
3485696.0
5519360.0
3776512.0
1560576.0
3256320.0
3608576.0
3475456.0
3598336.0
2572288.0
2390016.0
4677632.0
4696064.0
5871616.0
6240256.0
3846144.0
3627008.0
5666816.0
4657152.0
4087808.0
4689920.0
5181440.0
4227072.0
3315712.0
2627584.0
1241088.0
1376256.0
3858432.0
2144256.0
2000896.0
997376.0
811008.0
1404928.0
1675264.0
3377152.0
2056192.0
2637824.0
4290560.0
6873088.0
6176768.0
3448832.0
2091008.0
1525760.0
1718272.0
4196352.0
8130560.0
7866368.0
4397056.0
3135488.0
3311616.0
3330048.0
3516416.0
4302848.0
3250176.0
3934208.0
4564992.0
4917248.0
4585472.0
3518464.0
5281792.0
6832128.0
7790592.0
5695488.0
4032512.0
4067328.0
3538944.0
2299904.0
2760704.0
4737024.0
4128768.0
1017856.0
1486848.0
2359296.0
2392064.0
2123776.0
2881536.0
995328.0
1325056.0
5494784.0
6414336.0
5838848.0
3815424.0
4876288.0
4421632.0
5658624.0
5591040.0
5181440.0
6989824.0
6782976.0
5031936.0
5212160.0
4696064.0
4517888.0
4751360.0
4114432.0
2269184.0
2742272.0
4671488.0
8271872.0
7862272.0
6807552.0
5076992.0
2883584.0
4145152.0
5621760.0
6307840.0
5754880.0
6641664.0
7127040.0
6619136.0
7051264.0
6408192.0
4251648.0
4478976.0
2338816.0
4909056.0
8638464.0
8040448.0
6471680.0
7028736.0
7909376.0
7518208.0
7739392.0
6606848.0
4489216.0
4202496.0
3424256.0
5191680.0
3168256.0
3784704.0
3960832.0
3743744.0
4079616.0
2820096.0
3729408.0
3915776.0
4732928.0
5160960.0
5894144.0
6088704.0
6144000.0
6895616.0
6549504.0
5132288.0
4655104.0
4872192.0
4263936.0
3340288.0
4769792.0
6774784.0
9277440.0
5812224.0
4327424.0
5081088.0
5386240.0
5658624.0
4810752.0
3225600.0
3915776.0
5494784.0
4290560.0
5038080.0
3821568.0
2117632.0
1810432.0
4974592.0
6574080.0
7294976.0
9359360.0
1.0346496E7
8931328.0
7946240.0
8118272.0
8390656.0
1.005568E7
8919040.0
7510016.0
7565312.0
5666816.0
3340288.0
3225600.0
3952640.0
5867520.0
7110656.0
8925184.0
9074688.0
1.0141696E7
1.002496E7
8552448.0
5961728.0
5523456.0
5879808.0
4100096.0
3377152.0
4634624.0
5099520.0
4900864.0
6457344.0
6690816.0
7137280.0
6354944.0
6103040.0
5644288.0
4702208.0
5545984.0
5298176.0
4724736.0
6600704.0
5601280.0
3590144.0
4880384.0
5169152.0
5869568.0
7598080.0
8695808.0
8378368.0
6354944.0
7163904.0
8611840.0
8529920.0
8769536.0
1.025024E7
1.0860544E7
7024640.0
3383296.0
1863680.0
2877440.0
4794368.0
4575232.0
3559424.0
4245504.0
5861376.0
4706304.0
4132864.0
5744640.0
6694912.0
4235264.0
4237312.0
4323328.0
2275328.0
2103296.0
4050944.0
3266560.0
4036608.0
4098048.0
3921920.0
5801984.0
7669760.0
8761344.0
5101568.0
3776512.0
4440064.0
6365184.0
6240256.0
4315136.0
4268032.0
5558272.0
4694016.0
4974592.0
6080512.0
5588992.0
6582272.0
8327168.0
6785024.0
5386240.0
5322752.0
3645440.0
4927488.0
6631424.0
7243776.0
7069696.0
8482816.0
7346176.0
6191104.0
7682048.0
7952384.0
7436288.0
6309888.0
4651008.0
3608576.0
3592192.0
5750784.0
8245248.0
9877504.0
9066496.0
6776832.0
6443008.0
6619136.0
7993344.0
8091648.0
7043072.0
7116800.0
7929856.0
5390336.0
4757504.0
3180544.0
4173824.0
6447104.0
5754880.0
4552704.0
3973120.0
6205440.0
7847936.0
8294400.0
8134656.0
6842368.0
6854656.0
6576128.0
7702528.0
7073792.0
5883904.0
4937728.0
5421056.0
6270976.0
4515840.0
6301696.0
6934528.0
7837696.0
7526400.0
6088704.0
5500928.0
5179392.0
5847040.0
5726208.0
2211840.0
2631680.0
3991552.0
5304320.0
4767744.0
5734400.0
7170048.0
4452352.0
4087808.0
4874240.0
4329472.0
5171200.0
7172096.0
6498304.0
6959104.0
8945664.0
9410560.0
5986304.0
2707456.0
1413120.0
3622912.0
4507648.0
4644864.0
5974016.0
7559168.0
7809024.0
7092224.0
4974592.0
4116480.0
5345280.0
6096896.0
8056832.0
8028160.0
8564736.0
7725056.0
6631424.0
5996544.0
6053888.0
4550656.0
5033984.0
5281792.0
3276800.0
3514368.0
4739072.0
5064704.0
4493312.0
4583424.0
3645440.0
3008512.0
5013504.0
5539840.0
6322176.0
7092224.0
7436288.0
5834752.0
5302272.0
5548032.0
4534272.0
3256320.0
2816000.0
4812800.0
6461440.0
6182912.0
4376576.0
5865472.0
6240256.0
6451200.0
6176768.0
6227968.0
4390912.0
3067904.0
4411392.0
5179392.0
5353472.0
5351424.0
5152768.0
5251072.0
4943872.0
5828608.0
4902912.0
4780032.0
4618240.0
6115328.0
5148672.0
4780032.0
3977216.0
1099776.0
2353152.0
6336512.0
8652800.0
7161856.0
5681152.0
3416064.0
4200448.0
3313664.0
5457920.0
4268032.0
1662976.0
3155968.0
5259264.0
6993920.0
5216256.0
4503552.0
5122048.0
4495360.0
5294080.0
5695488.0
5187584.0
6158336.0
6416384.0
6676480.0
5638144.0
4184064.0
4519936.0
4079616.0
4061184.0
4745216.0
5713920.0
5154816.0
2746368.0
4954112.0
6641664.0
5627904.0
7096320.0
6356992.0
4294656.0
2459648.0
4454400.0
5902336.0
5621760.0
5810176.0
6592512.0
5492736.0
3266560.0
3493888.0
4737024.0
4102144.0
4255744.0
5402624.0
4501504.0
4804608.0
4870144.0
3784704.0
3766272.0
4943872.0
5670912.0
6053888.0
7870464.0
8146944.0
8089600.0
6574080.0
4003840.0
6727680.0
7426048.0
4538368.0
2031616.0
2961408.0
3989504.0
3303424.0
770048.0
450560.0
1456128.0
2861056.0
3672064.0
3733504.0
4186112.0
4460544.0
4982784.0
6135808.0
5795840.0
5703680.0
5619712.0
6060032.0
5603328.0
5113856.0
5023744.0
4208640.0
3115008.0
3053568.0
4431872.0
6688768.0
6195200.0
4478976.0
3588096.0
4005888.0
5466112.0
3516416.0
2260992.0
-245760.0
1662976.0
798720.0
1040384.0
2240512.0
1806336.0
3080192.0
2357248.0
3229696.0
5316608.0
5306368.0
6262784.0
6666240.0
6068224.0
6070272.0
6825984.0
5328896.0
3440640.0
3627008.0
4835328.0
5861376.0
6178816.0
5744640.0
4919296.0
5572608.0
5345280.0
4231168.0
3543040.0
3932160.0
3170304.0
5888000.0
7510016.0
6053888.0
5517312.0
5470208.0
4182016.0
4624384.0
4306944.0
4126720.0
5087232.0
4032512.0
4796416.0
5459968.0
3192832.0
4460544.0
5011456.0
3489792.0
2437120.0
2603008.0
6158336.0
6238208.0
7045120.0
6066176.0
4237312.0
3311616.0
2359296.0
4173824.0
4665344.0
5986304.0
6975488.0
5611520.0
6490112.0
7034880.0
5048320.0
4364288.0
3641344.0
2562048.0
3024896.0
4743168.0
3657728.0
3278848.0
4532224.0
3153920.0
4952064.0
7131136.0
7823360.0
6856704.0
3850240.0
2555904.0
1591296.0
2099200.0
2707456.0
3039232.0
3958784.0
4120576.0
3827712.0
4313088.0
3706880.0
3065856.0
3102720.0
1622016.0
-215040.0
3000320.0
5842944.0
1574912.0
880640.0
679936.0
364544.0
1490944.0
845824.0
2287616.0
4431872.0
4841472.0
4669440.0
3708928.0
2582528.0
2996224.0
3940352.0
1372160.0
927744.0
3598336.0
4620288.0
5963776.0
6635520.0
5625856.0
5115904.0
4134912.0
3835904.0
2672640.0
2062336.0
2680832.0
2437120.0
4159488.0
4018176.0
3805184.0
1585152.0
555008.0
1777664.0
4126720.0
6381568.0
4683776.0
5806080.0
6825984.0
5974016.0
4751360.0
4048896.0
2742272.0
1884160.0
3856384.0
5341184.0
6682624.0
6338560.0
5519360.0
5195776.0
5505024.0
3858432.0
4007936.0
5261312.0
6260736.0
4106240.0
1542144.0
1452032.0
2095104.0
4290560.0
5840896.0
5550080.0
4687872.0
3749888.0
3829760.0
5550080.0
4626432.0
3233792.0
2619392.0
2979840.0
5664768.0
7720960.0
8499200.0
6658048.0
4243456.0
2347008.0
1163264.0
2775040.0
3088384.0
3629056.0
5515264.0
5165056.0
2488320.0
1062912.0
950272.0
2076672.0
2488320.0
3239936.0
4335616.0
3166208.0
2170880.0
1593344.0
2496512.0
4624384.0
4063232.0
2861056.0
2015232.0
4122624.0
3530752.0
3278848.0
909312.0
2072576.0
3723264.0
4820992.0
6184960.0
5412864.0
4450304.0
4597760.0
5789696.0
5959680.0
3471360.0
2217984.0
3678208.0
3137536.0
3643392.0
3160064.0
4714496.0
3747840.0
3364864.0
4317184.0
5107712.0
2187264.0
98304.0
-1261568.0
940032.0
2236416.0
2500608.0
5292032.0
4868096.0
2766848.0
4106240.0
3495936.0
2459648.0
1869824.0
385024.0
1331200.0
1912832.0
3141632.0
3461120.0
2695168.0
1298432.0
825344.0
790528.0
-1394688.0
282624.0
1943552.0
1124352.0
-348160.0
2283520.0
3504128.0
2117632.0
4507648.0
5658624.0
5038080.0
2091008.0
1646592.0
516096.0
819200.0
2926592.0
2887680.0
2648064.0
1150976.0
1351680.0
1972224.0
1654784.0
3727360.0
1933312.0
2572288.0
2082816.0
858112.0
1628160.0
1708032.0
3295232.0
3346432.0
1726464.0
1605632.0
1675264.0
2783232.0
948224.0
-559104.0
2455552.0
3831808.0
1243136.0
1243136.0
827392.0
-546816.0
1900544.0
4012032.0
3504128.0
2795520.0
2639872.0
1382400.0
3184640.0
4001792.0
3518464.0
2359296.0
3309568.0
4659200.0
3233792.0
3422208.0
3895296.0
4124672.0
3788800.0
3407872.0
3686400.0
3600384.0
1734656.0
-741376.0
-229376.0
1550336.0
2631680.0
2367488.0
256000.0
256000.0
2400256.0
1921024.0
1353728.0
210944.0
32768.0
364544.0
794624.0
-86016.0
4665344.0
5654528.0
4853760.0
2238464.0
-114688.0
55296.0
-505856.0
3229696.0
1558528.0
1001472.0
1837056.0
4024320.0
-792576.0
-2062336.0
-559104.0
-258048.0
432128.0
-1335296.0
-1105920.0
-430080.0
567296.0
141312.0
1968128.0
3135488.0
1714176.0
3024896.0
3934208.0
-366592.0
-1253376.0
-1003520.0
524288.0
323584.0
561152.0
-1665024.0
-3233792.0
-2469888.0
-897024.0
-1947648.0
-3860480.0
-2904064.0
-964608.0
958464.0
151552.0
989184.0
217088.0
-333824.0
-804864.0
-1546240.0
-2359296.0
-266240.0
-1355776.0
-3035136.0
-2895872.0
-3059712.0
-2025472.0
-3162112.0
-2146304.0
-370688.0
-329728.0
32768.0
-950272.0
-575488.0
-1509376.0
-1273856.0
-964608.0
307200.0
2826240.0
2902016.0
1263616.0
-550912.0
-1001472.0
1406976.0
1343488.0
-1359872.0
-2981888.0
-1888256.0
-985088.0
-32768.0
514048.0
-483328.0
-2566144.0
-2365440.0
-178176.0
1796096.0
3891200.0
4757504.0
2574336.0
-1173504.0
-2002944.0
-1730560.0
606208.0
-446464.0
-1552384.0
-2832384.0
-3747840.0
-4792320.0
-3989504.0
-2621440.0
-1382400.0
-2832384.0
-3977216.0
-2154496.0
-749568.0
-575488.0
-458752.0
-18432.0
81920.0
1171456.0
2226176.0
2719744.0
3291136.0
612352.0
-1859584.0
-2469888.0
-3631104.0
-3373056.0
-2471936.0
-1009664.0
-1511424.0
-2826240.0
-4136960.0
-3538944.0
-2951168.0
-2678784.0
-126976.0
1808384.0
2854912.0
-741376.0
-2641920.0
-1941504.0
-2746368.0
-2301952.0
-2807808.0
-124928.0
1550336.0
-14336.0
-864256.0
-1908736.0
-1632256.0
-940032.0
-925696.0
-897024.0
-983040.0
-122880.0
1241088.0
1585152.0
-796672.0
92160.0
614400.0
-573440.0
-3006464.0
-6379520.0
-4935680.0
-4698112.0
-6391808.0
-4521984.0
-2068480.0
-1849344.0
-1378304.0
-1435648.0
-3250176.0
-1075200.0
-710656.0
-1810432.0
-2672640.0
-3006464.0
-3252224.0
-4335616.0
-2236416.0
-649216.0
-477184.0
-47104.0
401408.0
-927744.0
-1040384.0
-1286144.0
-2646016.0
-3371008.0
-3196928.0
-3538944.0
-5023744.0
-3612672.0
-3512320.0
-5011456.0
-2162688.0
-2105344.0
-2959360.0
-2914304.0
-2988032.0
-1867776.0
-3035136.0
-4096000.0
-5439488.0
-4282368.0
-3016704.0
-3842048.0
-4511744.0
-4448256.0
-2277376.0
-2293760.0
-2856960.0
-3618816.0
-5634048.0
-7671808.0
-4812800.0
-2752512.0
-2289664.0
-2031616.0
-3393536.0
-4399104.0
-6010880.0
-4349952.0
-4603904.0
-6268928.0
-8050688.0
-7251968.0
-7079936.0
-5781504.0
-3391488.0
-3723264.0
-2463744.0
-1009664.0
-501760.0
-2359296.0
-2379776.0
-223232.0
-1153024.0
-2365440.0
-3799040.0
-4952064.0
-3846144.0
-4544512.0
-3031040.0
-3170304.0
-4036608.0
-4884480.0
-5208064.0
-4192256.0
-4198400.0
-6944768.0
-7731200.0
-4800512.0
-5031936.0
-4032512.0
-1579008.0
-1163264.0
-745472.0
-2787328.0
-4962304.0
-4843520.0
-3540992.0
-5109760.0
-3364864.0
-1103872.0
-1626112.0
-2000896.0
-2967552.0
-3573760.0
-4853760.0
-4399104.0
-4431872.0
-4960256.0
-4728832.0
-3928064.0
-4145152.0
-3284992.0
-5787648.0
-5369856.0
-4114432.0
-4677632.0
-5447680.0
-2465792.0
-1392640.0
-3084288.0
-3469312.0
-4773888.0
-4325376.0
-3864576.0
-3981312.0
-4356096.0
-6672384.0
-8130560.0
-5634048.0
-4200448.0
-3188736.0
-3354624.0
-5165056.0
-5511168.0
-4550656.0
-2699264.0
-3258368.0
-3489792.0
-2408448.0
-1341440.0
-1433600.0
-4151296.0
-6004736.0
-3397632.0
-3104768.0
-3964928.0
-4243456.0
-4866048.0
-3131392.0
-4861952.0
-6324224.0
-5505024.0
-4298752.0
-3164160.0
-3237888.0
-3358720.0
-1562624.0
-792576.0
-2459648.0
-6404096.0
-6240256.0
-5017600.0
-6060032.0
-6973440.0
-5781504.0
-6060032.0
-5996544.0
-3217408.0
-1966080.0
-2924544.0
-3969024.0
-4341760.0
-3620864.0
-2938880.0
-4220928.0
-5281792.0
-4896768.0
-5955584.0
-4950016.0
-6479872.0
-8230912.0
-8646656.0
-6426624.0
-4071424.0
-4362240.0
-2199552.0
-708608.0
-3780608.0
-6608896.0
-4685824.0
-4055040.0
-5083136.0
-7176192.0
-7192576.0
-7583744.0
-6379520.0
-4087808.0
-4921344.0
-7608320.0
-9512960.0
-1.09056E7
-8093696.0
-6932480.0
-6662144.0
-4763648.0
-4485120.0
-4683776.0
-5939200.0
-6049792.0
-5722112.0
-5777408.0
-4904960.0
-4407296.0
-4237312.0
-4300800.0
-2803712.0
-3241984.0
-7768064.0
-9736192.0
-8124416.0
-6031360.0
-4149248.0
-5480448.0
-6281216.0
-5222400.0
-4657152.0
-3747840.0
-2752512.0
-3129344.0
-5175296.0
-6680576.0
-7100416.0
-6533120.0
-4986880.0
-5867520.0
-7483392.0
-7587840.0
-6572032.0
-7784448.0
-7446528.0
-6600704.0
-6086656.0
-3080192.0
-4220928.0
-6891520.0
-6844416.0
-6164480.0
-4864000.0
-2832384.0
-2615296.0
-3680256.0
-5797888.0
-6141952.0
-5701632.0
-3500032.0
-4874240.0
-2564096.0
-1316864.0
-4902912.0
-6213632.0
-4517888.0
-3502080.0
-4546560.0
-4915200.0
-5384192.0
-4358144.0
-4935680.0
-4081664.0
-4145152.0
-3319808.0
-3166208.0
-5855232.0
-6658048.0
-5115904.0
-4366336.0
-5736448.0
-4532224.0
-5777408.0
-5689344.0
-5875712.0
-3727360.0
-1351680.0
-1912832.0
-4048896.0
-6213632.0
-9084928.0
-9373696.0
-6551552.0
-6197248.0
-5003264.0
-3684352.0
-3835904.0
-4794368.0
-3264512.0
-3067904.0
-3182592.0
-1785856.0
-550912.0
-2154496.0
-4438016.0
-6500352.0
-5797888.0
-6813696.0
-8566784.0
-8136704.0
-7288832.0
-7534592.0
-5586944.0
-5656576.0
-5564416.0
-5449728.0
-5003264.0
-6731776.0
-6705152.0
-6154240.0
-6424576.0
-7462912.0
-9244672.0
-8579072.0
-8986624.0
-6252544.0
-4689920.0
-4972544.0
-6754304.0
-6846464.0
-7938048.0
-6760448.0
-6133760.0
-5875712.0
-6469632.0
-4810752.0
-6359040.0
-7346176.0
-6699008.0
-6569984.0
-3827712.0
-4726784.0
-6064128.0
-7403520.0
-7944192.0
-1.0008576E7
-9986048.0
-9549824.0
-8304640.0
-9166848.0
-1.0170368E7
-9793536.0
-7303168.0
-5556224.0
-7120896.0
-7131136.0
-9084928.0
-1.1067392E7
-1.1354112E7
-8278016.0
-6985728.0
-6070272.0
-6019072.0
-6483968.0
-7321600.0
-7360512.0
-7139328.0
-7510016.0
-7976960.0
-9922560.0
-7940096.0
-6887424.0
-5806080.0
-7241728.0
-7948288.0
-7254016.0
-6502400.0
-6170624.0
-5449728.0
-5474304.0
-6234112.0
-6615040.0
-7280640.0
-7268352.0
-6930432.0
-5863424.0
-6387712.0
-5844992.0
-6240256.0
-6201344.0
-6326272.0
-6148096.0
-6905856.0
-7983104.0
-9015296.0
-8785920.0
-7540736.0
-7636992.0
-8738816.0
-6488064.0
-5722112.0
-7325696.0
-7657472.0
-8828928.0
-9439232.0
-9543680.0
-1.0008576E7
-1.069056E7
-1.0002432E7
-1.0182656E7
-1.1186176E7
-8949760.0
-7849984.0
-6303744.0
-7538688.0
-8398848.0
-6862848.0
-8595456.0
-8652800.0
-7221248.0
-6746112.0
-1.0010624E7
-8189952.0
-7811072.0
-1.0319872E7
-1.1636736E7
-9463808.0
-9607168.0
-9654272.0
-9115648.0
-9940992.0
-8417280.0
-9846784.0
-8187904.0
-7647232.0
-7596032.0
-7303168.0
-9652224.0
-1.0504192E7
-1.0074112E7
-7845888.0
-6981632.0
-7131136.0
-9781248.0
-9469952.0
-7368704.0
-7505920.0
-7878656.0
-8714240.0
-8425472.0
-8216576.0
-9095168.0
-7354368.0
-7225344.0
-8372224.0
-5738496.0
-6912000.0
-6844416.0
-5390336.0
-5496832.0
-7745536.0
-9539584.0
-1.2150784E7
-1.30048E7
-1.0868736E7
-8200192.0
-8658944.0
-9537536.0
-7460864.0
-6481920.0
-7907328.0
-7022592.0
-6252544.0
-8056832.0
-7667712.0
-6289408.0
-5693440.0
-4448256.0
-3264512.0
-3635200.0
-4456448.0
-8065024.0
-8937472.0
-7294976.0
-7337984.0
-8808448.0
-9531392.0
-9697280.0
-9656320.0
-9254912.0
-7440384.0
-7880704.0
-8697856.0
-1.189888E7
-1.3416448E7
-1.0594304E7
-9365504.0
-9375744.0
-9218048.0
-8259584.0
-9902080.0
-1.1261952E7
-1.0113024E7
-9019392.0
-9588736.0
-1.014784E7
-1.03936E7
-9132032.0
-9140224.0
-9398272.0
-7833600.0
-7860224.0
-1.0067968E7
-9510912.0
-1.0293248E7
-9420800.0
-1.0215424E7
-1.1589632E7
-1.079296E7
-1.01376E7
-9248768.0
-1.0166272E7
-1.137664E7
-1.15712E7
-9189376.0
-7116800.0
-8413184.0
-1.0752E7
-1.0786816E7
-1.0668032E7
-9011200.0
-8984576.0
-1.0651648E7
-1.150976E7
-1.072128E7
-1.0170368E7
-8005632.0
-7659520.0
-7899136.0
-7964672.0
-9324544.0
-9826304.0
-9807872.0
-9719808.0
-1.0262528E7
-1.2326912E7
-1.3697024E7
-1.5212544E7
-1.1628544E7
-9666560.0
-1.1599872E7
-1.1005952E7
-1.1737088E7
-1.1620352E7
-1.0975232E7
-9451520.0
-1.1700224E7
-1.3801472E7
-1.3985792E7
-1.1726848E7
-1.0528768E7
-1.1102208E7
-1.1450368E7
-1.232896E7
-1.2120064E7
-1.2814336E7
-1.215488E7
-1.132544E7
-1.1102208E7
-1.1229184E7
-1.0258432E7
-1.1624448E7
-1.4815232E7
-1.2740608E7
-9379840.0
-9586688.0
-9959424.0
-9904128.0
-1.2867584E7
-1.2992512E7
-1.5853568E7
-1.7074176E7
-1.5726592E7
-1.5732736E7
-1.3942784E7
-1.3563904E7
-1.3574144E7
-1.2304384E7
-1.21856E7
-1.275904E7
-1.1032576E7
-1.1374592E7
-1.2722176E7
-1.3152256E7
-1.0590208E7
-1.2111872E7
-1.3121536E7
-1.4368768E7
-1.5245312E7
-1.339392E7
-1.1577344E7
-1.1241472E7
-1.0657792E7
-7833600.0
-8914944.0
-8974336.0
-7804928.0
-8542208.0
-1.078272E7
-1.2238848E7
-1.2132352E7
-1.07008E7
-1.1563008E7
-1.1450368E7
-1.1374592E7
-1.1098112E7
-8882176.0
-7581696.0
-9037824.0
-9035776.0
-1.031168E7
-1.0842112E7
-1.0909696E7
-1.0612736E7
-1.1145216E7
-1.3150208E7
-1.3815808E7
-1.1905024E7
-9293824.0
-8972288.0
-8140800.0
-9068544.0
-8232960.0
-6549504.0
-6219776.0
-8556544.0
-8470528.0
-9820160.0
-1.089536E7
-9715712.0
-1.0921984E7
-1.1431936E7
-1.1290624E7
-1.2556288E7
-1.2034048E7
-1.2535808E7
-1.0070016E7
-9105408.0
-1.0571776E7
-1.1016192E7
-1.0637312E7
-9619456.0
-1.197056E7
-1.0838016E7
-8722432.0
-1.0221568E7
-1.1577344E7
-1.0993664E7
-1.068032E7
-1.0063872E7
-8333312.0
-7522304.0
-8120320.0
-7868416.0
-8824832.0
-9000960.0
-9676800.0
-1.1831296E7
-1.1034624E7
-1.000448E7
-1.0289152E7
-9836544.0
-8370176.0
-8931328.0
-8753152.0
-8300544.0
-8988672.0
-7184384.0
-7852032.0
-1.0108928E7
-1.0174464E7
-8310784.0
-7702528.0
-1.0018816E7
-1.0215424E7
-8984576.0
-9285632.0
-1.037312E7
-1.2597248E7
-1.1116544E7
-1.0688512E7
-1.0213376E7
-7882752.0
-7661568.0
-9969664.0
-9840640.0
-9271296.0
-1.0924032E7
-9785344.0
-1.065984E7
-1.2630016E7
-1.2507136E7
-1.0090496E7
-8968192.0
-1.0737664E7
-1.0407936E7
-1.1563008E7
-1.1597824E7
-9150464.0
-7784448.0
-8683520.0
-1.1317248E7
-1.0295296E7
-9844736.0
-1.0063872E7
-9123840.0
-9945088.0
-1.038336E7
-8816640.0
-7165952.0
-5261312.0
-7251968.0
-1.0903552E7
-1.117184E7
-8192000.0
-8818688.0
-9396224.0
-1.0369024E7
-1.071104E7
-7698432.0
-6230016.0
-7712768.0
-7827456.0
-6959104.0
-7608320.0
-6418432.0
-6051840.0
-6635520.0
-5431296.0
-4235264.0
-3031040.0
-1716224.0
-5410816.0
-7890944.0
-9052160.0
-9013248.0
-6936576.0
-6883328.0
-6488064.0
-6967296.0
-6678528.0
-5849088.0
-7737344.0
-8105984.0
-7827456.0
-7426048.0
-6744064.0
-7696384.0
-9375744.0
-7917568.0
-7862272.0
-7753728.0
-6555648.0
-6518784.0
-7331840.0
-8011776.0
-7133184.0
-8458240.0
-8787968.0
-4646912.0
-5672960.0
-7282688.0
-7307264.0
-8730624.0
-9644032.0
-9408512.0
-8988672.0
-8232960.0
-8583168.0
-1.0868736E7
-1.1778048E7
-9734144.0
-7495680.0
-9881600.0
-9254912.0
-8775680.0
-6385664.0
-6180864.0
-8988672.0
-8701952.0
-7096320.0
-9170944.0
-9510912.0
-7294976.0
-8554496.0
-9238528.0
-6842368.0
-4233216.0
-3809280.0
-6150144.0
-8011776.0
-1.0145792E7
-1.1565056E7
-1.1507712E7
-1.183744E7
-1.1235328E7
-8386560.0
-8812544.0
-1.1354112E7
-1.12128E7
-1.005568E7
-8294400.0
-8574976.0
-9498624.0
-7749632.0
-7036928.0
-9191424.0
-9496576.0
-1.0369024E7
-9701376.0
-7989248.0
-5894144.0
-6356992.0
-6862848.0
-6352896.0
-5658624.0
-7077888.0
-7131136.0
-5165056.0
-4368384.0
-4171776.0
-7180288.0
-6606848.0
-5646336.0
-7122944.0
-5707776.0
-6463488.0
-6920192.0
-4341760.0
-5449728.0
-6873088.0
-6563840.0
-7540736.0
-7208960.0
-5484544.0
-5003264.0
-4927488.0
-4190208.0
-3028992.0
-3289088.0
-3969024.0
-4978688.0
-6467584.0
-5607424.0
-4206592.0
-3391488.0
-3864576.0
-4198400.0
-6076416.0
-6948864.0
-8333312.0
-8820736.0
-7368704.0
-7223296.0
-6842368.0
-5179392.0
-4546560.0
-5787648.0
-5515264.0
-5160960.0
-5396480.0
-5228544.0
-5414912.0
-5791744.0
-4681728.0
-5281792.0
-4589568.0
-2988032.0
-1988608.0
-3532800.0
-5568512.0
-5687296.0
-6690816.0
-6985728.0
-5748736.0
-6434816.0
-5455872.0
-3688448.0
-4112384.0
-3801088.0
-5259264.0
-4659200.0
-4741120.0
-8026112.0
-7051264.0
-5472256.0
-3840000.0
-3586048.0
-4059136.0
-5089280.0
-5904384.0
-4972544.0
-5208064.0
-5531648.0
-5414912.0
-6139904.0
-4681728.0
-4157440.0
-4761600.0
-5472256.0
-5414912.0
-4997120.0
-4907008.0
-4454400.0
-3074048.0
-2228224.0
-2932736.0
-3108864.0
-3180544.0
-4081664.0
-3092480.0
-1404928.0
-972800.0
55296.0
-567296.0
-507904.0
-137216.0
-909312.0
-163840.0
-450560.0
-3211264.0
-2684928.0
-3284992.0
-1759232.0
-2899968.0
-3037184.0
-1665024.0
-4270080.0
-5912576.0
-3330048.0
-1900544.0
-1538048.0
-1689600.0
784384.0
1222656.0
-2228224.0
-3633152.0
-3817472.0
-6197248.0
-4784128.0
-2963456.0
-3262464.0
-2607104.0
-4411392.0
-5574656.0
-5462016.0
-2953216.0
-3207168.0
-3037184.0
-2926592.0
-1464320.0
-2476032.0
-3526656.0
-1148928.0
102400.0
-2516992.0
-2273280.0
-1429504.0
-2621440.0
-413696.0
47104.0
-860160.0
1564672.0
675840.0
-1163264.0
1404928.0
-6144.0
-483328.0
-802816.0
-2017280.0
-2050048.0
-2719744.0
-1798144.0
-727040.0
2291712.0
4833280.0
3155968.0
1239040.0
1812480.0
1789952.0
2338816.0
2072576.0
-909312.0
405504.0
4356096.0
2301952.0
964608.0
1048576.0
2705408.0
1830912.0
-727040.0
-1843200.0
-997376.0
139264.0
1615872.0
2287616.0
1679360.0
690176.0
2138112.0
5179392.0
5265408.0
2600960.0
1259520.0
3082240.0
1628160.0
1890304.0
1392640.0
1458176.0
2762752.0
1443840.0
2066432.0
4855808.0
3043328.0
2924544.0
3670016.0
2816000.0
1902592.0
1056768.0
2103296.0
2584576.0
2861056.0
1820672.0
464896.0
1384448.0
1929216.0
4196352.0
3555328.0
4444160.0
5562368.0
4356096.0
4233216.0
5681152.0
6166528.0
4696064.0
4417536.0
583680.0
1665024.0
5181440.0
2863104.0
3805184.0
4945920.0
6625280.0
7102464.0
5439488.0
5402624.0
6832128.0
5181440.0
4706304.0
5525504.0
5369856.0
4456448.0
2899968.0
3821568.0
4362240.0
5804032.0
4896768.0
5625856.0
5373952.0
4308992.0
5822464.0
7737344.0
8435712.0
7925760.0
5253120.0
4937728.0
5419008.0
7741440.0
9521152.0
9365504.0
8228864.0
7405568.0
7634944.0
7153664.0
6590464.0
5369856.0
5203968.0
5654528.0
5793792.0
5572608.0
4245504.0
4376576.0
7968768.0
1.0522624E7
1.0727424E7
9383936.0
7655424.0
7593984.0
6856704.0
6776832.0
5720064.0
6359040.0
6363136.0
6006784.0
6825984.0
7399424.0
7186432.0
7471104.0
8673280.0
9115648.0
8642560.0
4902912.0
4931584.0
5740544.0
5857280.0
5208064.0
4894720.0
7469056.0
1.0149888E7
1.0438656E7
1.0008576E7
9500672.0
8355840.0
8570880.0
8529920.0
6776832.0
5523456.0
5521408.0
7671808.0
8110080.0
7288832.0
8300544.0
9662464.0
9668608.0
9889792.0
9123840.0
8691712.0
1.0309632E7
9580544.0
1.0387456E7
1.256448E7
1.1264E7
1.0274816E7
8777728.0
9760768.0
8775680.0
8423424.0
1.1954176E7
1.2173312E7
9850880.0
9007104.0
9693184.0
9621504.0
1.0246144E7
1.11616E7
1.2322816E7
1.258496E7
1.2654592E7
1.2490752E7
1.1503616E7
1.13152E7
9906176.0
9943040.0
1.1372544E7
1.1915264E7
1.16736E7
1.226752E7
1.6439296E7
1.6836608E7
1.3922304E7
1.0973184E7
1.0575872E7
1.222656E7
1.4635008E7
1.6093184E7
1.3389824E7
1.2525568E7
1.2535808E7
1.1864064E7
1.2204032E7
1.1843584E7
1.0063872E7
1.0876928E7
1.1388928E7
1.0381312E7
1.1163648E7
9994240.0
1.0371072E7
1.14176E7
1.1933696E7
1.2302336E7
1.3074432E7
1.3887488E7
1.379328E7
1.304576E7
1.1235328E7
1.1409408E7
1.3723648E7
1.3391872E7
1.6676864E7
2.0113408E7
1.687552E7
1.429504E7
1.6615424E7
1.665024E7
1.5822848E7
1.5323136E7
1.5118336E7
1.5910912E7
1.6748544E7
1.6330752E7
1.5249408E7
1.5757312E7
1.5327232E7
1.6924672E7
1.6746496E7
1.6695296E7
1.9052544E7
1.7389568E7
1.6955392E7
1.717248E7
1.8814976E7
1.9048448E7
1.7895424E7
1.7799168E7
1.465344E7
1.4350336E7
1.550336E7
1.5855616E7
1.61792E7
1.77664E7
1.7020928E7
1.4733312E7
1.2935168E7
1.3182976E7
1.3533184E7
1.24928E7
1.313792E7
1.4675968E7
1.4290944E7
1.463296E7
1.4610432E7
1.6216064E7
1.6355328E7
1.600512E7
1.598464E7
1.508352E7
1.5966208E7
1.8087936E7
1.842176E7
1.6893952E7
1.695744E7
1.5783936E7
1.580032E7
1.57184E7
1.6293888E7
1.7037312E7
1.5003648E7
1.5753216E7
1.8044928E7
1.7678336E7
1.8141184E7
1.8511872E7
1.8087936E7
1.7936384E7
1.705984E7
1.8173952E7
1.7256448E7
1.5597568E7
1.5941632E7
1.5321088E7
1.5450112E7
1.8395136E7
1.759232E7
1.5607808E7
1.6551936E7
2.003968E7
2.0979712E7
1.9632128E7
1.9421184E7
1.750016E7
1.876992E7
1.8968576E7
1.9181568E7
2.0826112E7
2.0948992E7
1.8477056E7
1.7655808E7
1.7526784E7
1.7537024E7
1.6287744E7
1.4710784E7
1.6013312E7
1.64864E7
1.7117184E7
1.8704384E7
1.8653184E7
1.6232448E7
1.7076224E7
1.7422336E7
1.58208E7
1.780736E7
1.9900416E7
1.9359744E7
2.0320256E7
2.0606976E7
2.1925888E7
2.318336E7
2.1735424E7
1.8632704E7
1.7395712E7
1.7741824E7
1.6990208E7
1.9478528E7
2.1071872E7
2.4477696E7
2.3355392E7
2.0400128E7
2.1393408E7
2.4088576E7
2.3279616E7
2.3123968E7
2.2079488E7
2.2493184E7
2.2140928E7
2.1010432E7
2.2071296E7
2.311168E7
2.296832E7
2.3343104E7
2.2413312E7
2.2007808E7
2.1600256E7
1.9734528E7
1.8944E7
1.9521536E7
2.2071296E7
1.915904E7
1.6848896E7
1.6982016E7
1.9038208E7
1.8929664E7
1.8327552E7
1.9648512E7
2.1938176E7
2.2464512E7
2.4246272E7
2.3437312E7
2.1557248E7
2.0815872E7
2.1567488E7
2.1241856E7
2.1549056E7
2.1364736E7
2.1876736E7
2.04288E7
2.2224896E7
2.3177216E7
2.4231936E7
2.3707648E7
2.2505472E7
2.213888E7
2.2509568E7
2.3693312E7
2.2423552E7
2.4932352E7
2.4969216E7
2.5214976E7
2.2962176E7
2.0912128E7
2.2601728E7
2.415616E7
2.5280512E7
2.5133056E7
2.4438784E7
2.5511936E7
2.5878528E7
2.5051136E7
2.6497024E7
2.5892864E7
2.4080384E7
2.4440832E7
2.3808E7
2.4774656E7
2.40128E7
2.4076288E7
2.5399296E7
2.679808E7
2.6314752E7
2.5010176E7
2.5956352E7
2.8975104E7
2.827264E7
2.732032E7
2.5942016E7
2.6318848E7
2.6980352E7
2.6734592E7
2.5049088E7
2.4692736E7
2.597888E7
2.3846912E7
2.3519232E7
2.5708544E7
2.5581568E7
2.3117824E7
2.3517184E7
2.4758272E7
2.3752704E7
2.3033856E7
2.4088576E7
2.4332288E7
2.587648E7
2.6824704E7
2.5788416E7
2.4952832E7
2.330624E7
2.3980032E7
2.583552E7
2.4551424E7
2.5358336E7
2.6959872E7
2.477056E7
2.373632E7
2.3867392E7
2.5038848E7
2.4686592E7
2.501632E7
2.3584768E7
2.2155264E7
2.356224E7
2.307072E7
2.2810624E7
2.2847488E7
2.377728E7
2.4297472E7
2.5833472E7
2.690048E7
2.781184E7
2.6161152E7
2.4911872E7
2.4059904E7
2.3476224E7
2.423808E7
2.1569536E7
2.0998144E7
2.2437888E7
2.0860928E7
2.1065728E7
2.1735424E7
2.5214976E7
2.5178112E7
2.4328192E7
2.5141248E7
2.5798656E7
2.4983552E7
2.4932352E7
2.8655616E7
2.757632E7
2.7551744E7
2.7445248E7
2.5305088E7
2.4915968E7
2.3803904E7
2.4399872E7
2.7912192E7
2.861056E7
2.5520128E7
2.5171968E7
2.3242752E7
2.433024E7
2.7449344E7
2.8672E7
2.9124608E7
2.7887616E7
2.9544448E7
2.8493824E7
2.7287552E7
2.5800704E7
2.6171392E7
2.6441728E7
2.6861568E7
2.8383232E7
3.0480384E7
2.9360128E7
2.7926528E7
2.8807168E7
2.7541504E7
2.8020736E7
2.6466304E7
2.563072E7
2.4203264E7
2.125824E7
2.0258816E7
2.335744E7
2.3525376E7
2.1774336E7
2.1747712E7
2.1960704E7
2.3205888E7
2.4131584E7
2.2992896E7
2.313216E7
2.4952832E7
2.5524224E7
2.490368E7
2.4776704E7
2.4129536E7
2.4213504E7
2.4629248E7
2.5481216E7
2.6351616E7
2.3584768E7
2.4414208E7
2.4901632E7
2.6945536E7
2.6568704E7
2.8592128E7
2.7193344E7
2.5878528E7
2.5239552E7
2.4633344E7
2.753536E7
2.8807168E7
2.7138048E7
2.66752E7
2.8286976E7
2.736128E7
2.733056E7
2.6402816E7
2.6478592E7
2.7398144E7
2.7209728E7
2.7469824E7
2.9499392E7
2.8981248E7
2.9005824E7
3.0236672E7
2.9237248E7
2.9923328E7
2.9364224E7
3.0558208E7
3.1746048E7
3.2649216E7
3.237888E7
2.8696576E7
2.6652672E7
2.6494976E7
3.0158848E7
3.1238144E7
3.2251904E7
3.0441472E7
2.9319168E7
2.8475392E7
2.8071936E7
2.994176E7
2.8598272E7
2.930688E7
3.1195136E7
3.1178752E7
3.0756864E7
2.8626944E7
2.9751296E7
3.2256E7
3.4185216E7
3.2411648E7
3.1930368E7
3.350528E7
3.2751616E7
3.1270912E7
3.0111744E7
3.0226432E7
3.0322688E7
2.9323264E7
3.1055872E7
2.8086272E7
2.6005504E7
2.76992E7
2.8301312E7
3.0169088E7
3.1594496E7
3.1647744E7
3.268608E7
3.273728E7
3.0060544E7
3.104768E7
3.21024E7
3.3087488E7
3.300352E7
3.3316864E7
3.2743424E7
3.3908736E7
3.2722944E7
3.2497664E7
3.3077248E7
3.1326208E7
2.9851648E7
3.1879168E7
3.2108544E7
3.151872E7
3.3230848E7
3.2294912E7
3.350528E7
3.4971648E7
3.7445632E7
3.784704E7
3.7351424E7
3.49184E7
3.460096E7
3.6489216E7
3.7158912E7
3.9190528E7
3.9227392E7
3.7224448E7
3.4848768E7
3.600384E7
3.7302272E7
3.8193152E7
3.6941824E7
3.7941248E7
3.867648E7
3.7732352E7
3.8805504E7
3.661824E7
3.607552E7
3.971072E7
3.990528E7
3.9364608E7
3.6388864E7
3.5954688E7
3.933184E7
3.9364608E7
3.7517312E7
3.8033408E7
3.8936576E7
3.9952384E7
3.843072E7
3.9231488E7
3.9694336E7
3.9657472E7
4.149248E7
4.1234432E7
3.9329792E7
3.8608896E7
3.9520256E7
3.9165952E7
4.032512E7
3.9727104E7
4.0112128E7
3.9940096E7
3.8694912E7
3.9704576E7
4.0003584E7
3.743744E7
3.8230016E7
3.8084608E7
4.0124416E7
4.22912E7
4.16256E7
4.1367552E7
4.1377792E7
4.1414656E7
4.0830976E7
4.0914944E7
4.3040768E7
4.278272E7
4.1910272E7
4.0751104E7
4.0658944E7
4.0859648E7
3.9763968E7
4.0650752E7
3.9548928E7
3.672064E7
3.6952064E7
3.7410816E7
3.941376E7
3.9006208E7
3.8905856E7
4.13696E7
4.3309056E7
4.1326592E7
3.8295552E7
3.600384E7
3.526656E7
3.5203072E7
3.7691392E7
4.0148992E7
3.8293504E7
3.6943872E7
3.7072896E7
3.6749312E7
3.7318656E7
3.805184E7
3.7500928E7
4.1078784E7
4.1977856E7
4.216832E7
4.1889792E7
4.3567104E7
4.2283008E7
4.1572352E7
3.9860224E7
3.8805504E7
4.1762816E7
4.211712E7
4.1426944E7
3.9749632E7
3.8316032E7
3.975168E7
3.9487488E7
3.950592E7
4.04992E7
4.240384E7
4.5584384E7
4.6544896E7
4.5688832E7
4.4396544E7
4.3538432E7
4.4888064E7
4.8396288E7
4.8463872E7
4.5412352E7
4.5236224E7
4.784128E7
4.85888E7
4.8709632E7
5.0341888E7
4.9514496E7
5.0794496E7
5.3880832E7
5.4106112E7
5.2895744E7
5.2215808E7
5.382144E7
5.3567488E7
5.3219328E7
5.4642688E7
5.5117824E7
5.51936E7
5.7837568E7
5.880832E7
5.5457792E7
5.332992E7
5.4513664E7
5.4945792E7
5.482496E7
5.5400448E7
5.636096E7
5.690368E7
5.5580672E7
5.6641536E7
5.72416E7
5.8466304E7
5.8189824E7
5.6326144E7
5.5980032E7
5.6006656E7
5.5273472E7
5.4165504E7
5.6723456E7
5.8318848E7
5.8281984E7
5.7626624E7
5.7100288E7
5.8056704E7
5.8884096E7
6.0434432E7
6.0049408E7
5.8181632E7
5.8632192E7
5.9785216E7
6.085632E7
5.9912192E7
6.0471296E7
6.0688384E7
5.892096E7
6.071296E7
6.2599168E7
6.1493248E7
6.2652416E7
6.1659136E7
6.1759488E7
6.0545024E7
6.0796928E7
6.1958144E7
6.1210624E7
5.9713536E7
5.7673728E7
5.9328512E7
6.0700672E7
5.9357184E7
6.0291072E7
6.1775872E7
6.5990656E7
6.68672E7
6.590464E7
6.5437696E7
6.475776E7
6.3700992E7
6.468608E7
6.6547712E7
6.831104E7
7.1378944E7
7.170048E7
7.2249344E7
7.0750208E7
6.8374528E7
6.7504128E7
6.964224E7
7.0356992E7
6.9865472E7
6.9791744E7
7.153664E7
7.261184E7
7.0606848E7
6.9429248E7
7.199744E7
7.181312E7
7.1499776E7
6.9388288E7
6.8728832E7
6.853632E7
6.9228544E7
6.9726208E7
7.3146368E7
7.2036352E7
6.6666496E7
6.4176128E7
6.5150976E7
6.7549184E7
6.8538368E7
6.806528E7
6.8947968E7
6.800384E7
6.608896E7
6.7356672E7
6.9830656E7
7.0500352E7
7.0279168E7
7.0844416E7
7.2423424E7
7.4534912E7
7.595008E7
7.69536E7
7.779328E7
7.9345664E7
7.9251456E7
8.0068608E7
8.0048128E7
7.9132672E7
7.672832E7
7.629824E7
7.6130304E7
7.6853248E7
7.6621824E7
7.4569728E7
7.3910272E7
7.2419328E7
7.1847936E7
7.2996864E7
7.169024E7
7.276544E7
7.2728576E7
7.1804928E7
7.1399424E7
7.0371328E7
6.90176E7
6.9474304E7
7.0672384E7
7.2937472E7
7.29088E7
7.3762816E7
7.4405888E7
7.4842112E7
7.6578816E7
7.739392E7
7.7623296E7
7.6576768E7
7.8170112E7
7.9366144E7
8.1117184E7
8.136704E7
7.9814656E7
8.129536E7
8.3724288E7
8.4154368E7
8.316928E7
8.5039104E7
8.4006912E7
8.3587072E7
8.3582976E7
8.1733632E7
8.380416E7
8.5837824E7
8.4932608E7
8.434688E7
8.1446912E7
8.019968E7
8.1137664E7
8.1629184E7
8.4031488E7
8.49408E7
8.63232E7
8.5536768E7
8.348672E7
8.3021824E7
8.4488192E7
8.677376E7
8.771584E7
8.5118976E7
8.3161088E7
8.2878464E7
8.4396032E7
8.5891072E7
8.6933504E7
8.5641216E7
8.3144704E7
8.4752384E7
8.6841344E7
8.517632E7
8.6341632E7
8.7744512E7
8.7578624E7
8.6081536E7
8.6468608E7
8.6413312E7
8.5753856E7
8.5956608E7
8.5774336E7
8.5428224E7
8.5030912E7
8.5641216E7
8.6990848E7
8.7789568E7
8.8475648E7
8.9618432E7
8.9493504E7
9.0730496E7
9.2024832E7
9.125888E7
9.0335232E7
9.0226688E7
9.167872E7
9.1813888E7
9.058304E7
9.1021312E7
9.4208E7
9.4173184E7
9.2073984E7
9.2080128E7
9.0525696E7
9.1215872E7
9.1854848E7
9.2809216E7
9.2884992E7
9.019392E7
9.055232E7
9.186304E7
9.1482112E7
9.1445248E7
9.311232E7
9.264128E7
9.1879424E7
9.3169664E7
9.340928E7
9.392128E7
9.248768E7
9.1994112E7
9.2133376E7
9.403392E7
9.4636032E7
9.4521344E7
9.6100352E7
9.8213888E7
9.904128E7
9.8236416E7
9.5453184E7
9.6182272E7
9.688064E7
9.7998848E7
9.913344E7
9.9629056E7
9.9913728E7
9.9407872E7
9.8506752E7
9.8656256E7
1.00499456E8
1.01593088E8
1.02187008E8
9.9227648E7
9.97888E7
1.01167104E8
1.01271552E8
9.843712E7
9.8471936E7
1.0059776E8
1.00421632E8
1.00159488E8
9.9774464E7
1.0177536E8
1.0430464E8
1.04513536E8
1.0338304E8
1.03952384E8
1.0371072E8
1.053696E8
1.09797376E8
1.09682688E8
1.08562432E8
1.0913792E8
1.0901504E8
1.09000704E8
1.0870784E8
1.11855616E8
1.15116032E8
1.1534336E8
1.13385472E8
1.12060416E8
1.12746496E8
1.12357376E8
1.11822848E8
1.13614848E8
1.1559936E8
1.16287488E8
1.1835392E8
1.22822656E8
1.23820032E8
1.24311552E8
1.26619648E8
1.28995328E8
1.289216E8
1.3023232E8
1.32489216E8
1.33224448E8
1.33494784E8
1.33339136E8
1.3351936E8
1.3176832E8
1.3369344E8
1.3481984E8
1.33206016E8
1.30031616E8
1.291264E8
1.25278208E8
1.23478016E8
1.22308608E8
1.2105728E8
1.21133056E8
1.21352192E8
1.20682496E8
1.20563712E8
1.19287808E8
1.2022784E8
1.21704448E8
1.2013568E8
1.1877376E8
1.2043264E8
1.2166144E8
1.23467776E8
1.24485632E8
1.23594752E8
1.22796032E8
1.20889344E8
1.21862144E8
1.21202688E8
1.21137152E8
1.21194496E8
1.2307456E8
1.2297216E8
1.24645376E8
1.24442624E8
1.2493824E8
1.26093312E8
1.26459904E8
1.26918656E8
1.24643328E8
1.22169344E8
1.21212928E8
1.1978752E8
1.19461888E8
1.20590336E8
1.21614336E8
1.21573376E8
1.23404288E8
1.24930048E8
1.25929472E8
1.25493248E8
1.26736384E8
1.29957888E8
1.30496512E8
1.31766272E8
1.31887104E8
1.33818368E8
1.34479872E8
1.37373696E8
1.40019712E8
1.41207552E8
1.41006848E8
1.38952704E8
1.39292672E8
1.41309952E8
1.417728E8
1.40445696E8
1.4108672E8
1.4030848E8
1.40701696E8
1.40834816E8
1.38407936E8
1.38952704E8
1.39757568E8
1.37457664E8
1.35573504E8
1.3637632E8
1.37422848E8
1.35596032E8
1.3466624E8
1.35018496E8
1.35077888E8
1.34131712E8
1.3444096E8
1.34647808E8
1.385472E8
1.42524416E8
1.43835136E8
1.45094656E8
1.46896896E8
1.51015424E8
1.52403968E8
1.53843712E8
1.58509056E8
1.61538048E8
1.63475456E8
1.67305216E8
1.71933696E8
1.72957696E8
1.73647872E8
1.76427008E8
1.75341568E8
1.7705984E8
1.79750912E8
1.80383744E8
1.80488192E8
1.8013184E8
1.79955712E8
1.7974272E8
1.805824E8
1.82071296E8
1.82677504E8
1.81051392E8
1.80105216E8
1.79521536E8
1.8137088E8
1.80590592E8
1.77926144E8
1.77672192E8
1.74614528E8
1.71835392E8
1.66178816E8
1.62721792E8
1.59289344E8
1.5654912E8
1.53327616E8
1.53346048E8
1.52803328E8
1.53843712E8
1.56936192E8
1.60978944E8
1.65312512E8
1.70541056E8
1.74166016E8
1.77022976E8
1.78407424E8
1.7994752E8
1.82263808E8
1.83916544E8
1.88213248E8
1.89353984E8
1.91000576E8
1.92837632E8
1.95487744E8
1.965568E8
1.96046848E8
1.96364288E8
1.98936576E8
1.99378944E8
1.98670336E8
1.9792896E8
1.98352896E8
2.01353216E8
2.02764288E8
2.0230144E8
2.04099584E8
2.05375488E8
2.06047232E8
2.067456E8
2.0856832E8
2.08631808E8
2.10466816E8
2.11001344E8
2.1284864E8
2.14306816E8
2.15138304E8
2.14798336E8
2.14409216E8
2.17757696E8
2.21597696E8
2.23561728E8
2.25245184E8
2.26260992E8
2.25773568E8
2.2519808E8
2.2744064E8
2.30649856E8
2.31776256E8
2.32337408E8
2.3605248E8
2.38741504E8
2.39886336E8
2.40439296E8
2.42003968E8
2.434048E8
2.44967424E8
2.4803328E8
2.49399296E8
2.50986496E8
2.530304E8
2.54349312E8
2.5165824E8
2.50599424E8
2.53601792E8
2.54820352E8
2.54793728E8
2.57079296E8
2.61441536E8
2.64194048E8
2.62815744E8
2.64282112E8
2.65940992E8
2.67491328E8
2.6755072E8
2.6790912E8
2.69320192E8
2.71976448E8
2.76025344E8
2.77878784E8
2.77942272E8
2.81534464E8
2.85120512E8
2.88538624E8
2.89425408E8
2.90742272E8
2.93249024E8
2.968064E8
3.02718976E8
3.06528256E8
3.08922368E8
3.09884928E8
3.11646208E8
3.12721408E8
3.12635392E8
3.12061952E8
3.11371776E8
3.1024128E8
3.09547008E8
3.12733696E8
3.11379968E8
3.1054848E8
3.1121408E8
3.15183104E8
3.19064064E8
3.22074624E8
3.22326528E8
3.2257024E8
3.24634624E8
3.26264832E8
3.28085504E8
3.30811392E8
3.32556288E8
3.31804672E8
3.31657216E8
3.3178624E8
3.34874624E8
3.3819648E8
3.40217856E8
3.42571008E8
3.43396352E8
3.43087104E8
3.4582528E8
3.48065792E8
3.50509056E8
3.52667648E8
3.54217984E8
3.57668864E8
3.63317248E8
3.6529152E8
3.69119232E8
3.67732736E8
3.67710208E8
3.71666944E8
3.76244224E8
3.8232064E8
3.84610304E8
3.86064384E8
3.89527552E8
3.90680576E8
3.93908224E8
3.95780096E8
3.98880768E8
4.0039424E8
4.00697344E8
4.04375552E8
4.07236608E8
4.0882176E8
4.11072512E8
4.14957568E8
4.18306048E8
4.18107392E8
4.19792896E8
4.21691392E8
4.22967296E8
4.2477568E8
4.28613632E8
4.32011264E8
4.35757056E8
4.39730176E8
4.4101632E8
4.41636864E8
4.4208128E8
4.46717952E8
4.49673216E8
4.51141632E8
4.52646912E8
4.56615936E8
4.59935744E8
4.62020608E8
4.65678336E8
4.7177728E8
4.73812992E8
4.76403712E8
4.79164416E8
4.82394112E8
4.86178816E8
4.87682048E8
4.90995712E8
4.93860864E8
4.96715776E8
4.98532352E8
4.99961856E8
5.02632448E8
5.05585664E8
5.07619328E8
5.10963712E8
5.16071424E8
5.1815424E8
5.21035776E8
5.23190272E8
5.25881344E8
5.28162816E8
5.31836928E8
5.33753856E8
5.36692736E8
5.39705344E8
5.4355968E8
5.4848512E8
5.5233536E8
5.56767232E8
5.60480256E8
5.63378176E8
5.65991424E8
5.68018944E8
5.722112E8
5.7464832E8
5.8007552E8
5.8387456E8
5.87313152E8
5.94720768E8
5.9732992E8
5.98345728E8
6.01380864E8
6.03226112E8
6.07041536E8
6.13781504E8
6.1625344E8
6.21451264E8
6.25442816E8
6.2848E8
6.32229888E8
6.35392E8
6.38078976E8
6.42824192E8
6.48241152E8
6.52255232E8
6.57840128E8
6.63545856E8
6.69382656E8
6.73695744E8
6.75352576E8
6.784512E8
6.80073216E8
6.83896832E8
6.89225728E8
6.95898112E8
7.018496E8
7.05445888E8
7.10293504E8
7.12267776E8
7.18200832E8
7.23808256E8
7.23677184E8
7.26726656E8
7.28817664E8
7.35453184E8
7.40984832E8
7.4299392E8
7.46625024E8
7.5270144E8
7.5804672E8
7.63508736E8
7.68567296E8
7.72558848E8
7.76773632E8
7.81555712E8
7.87623936E8
7.94079232E8
8.00585728E8
8.0533504E8
8.08792064E8
8.14620672E8
8.19914752E8
8.25137152E8
8.31002624E8
8.36376576E8
8.42162176E8
8.50313216E8
8.5620736E8
8.63698944E8
8.6964224E8
8.74125312E8
8.8003584E8
8.85039104E8
8.9158656E8
8.9709568E8
9.04114176E8
9.10815232E8
9.16043776E8
9.1911168E8
9.25362176E8
9.3351936E8
9.4055424E8
9.46325504E8
9.52635392E8
9.60208896E8
9.67849984E8
9.73201408E8
9.77985536E8
9.82224896E8
9.88291072E8
9.9303424E8
9.95999744E8
9.99354368E8
1.005641728E9
1.013622784E9
1.019133952E9
1.026297856E9
1.0338816E9
1.04215552E9
1.050554368E9
1.058093056E9
1.065822208E9
1.071269888E9
1.0779648E9
1.084069888E9
1.090883584E9
1.096824832E9
1.10456832E9
1.113356288E9
1.120770048E9
1.125660672E9
1.133441024E9
1.141194752E9
1.148286976E9
1.155211264E9
1.1625472E9
1.17085184E9
1.179529216E9
1.18473728E9
1.191047168E9
1.20059904E9
1.213007872E9
1.22092544E9
1.230176256E9
1.23921408E9
1.248585728E9
1.258954752E9
1.269649408E9
1.280264192E9
1.292476416E9
1.304940544E9
1.313591296E9
1.32486144E9
1.334337536E9
1.342951424E9
1.352456192E9
1.364219904E9
1.374242816E9
1.38555392E9
1.394558976E9
1.407789056E9
1.418022912E9
1.425965056E9
1.43393792E9
1.440919552E9
1.450166272E9
1.463095296E9
1.471166464E9
1.480316928E9
1.486219264E9
1.49395456E9
1.5040512E9
1.515487232E9
1.525608448E9
1.53550848E9
1.547104256E9
1.556830208E9
1.56530688E9
1.5789056E9
1.590001664E9
1.60062464E9
1.613000704E9
1.624123392E9
1.637554176E9
1.64947968E9
1.662963712E9
1.678348288E9
1.69070592E9
1.704165376E9
1.71916288E9
1.733451776E9
1.747718144E9
1.763559424E9
1.779034112E9
1.794967552E9
1.813538816E9
1.831806976E9
1.848051712E9
1.865934848E9
1.885167616E9
1.902667776E9
1.922371584E9
1.941487616E9
1.9611648E9
1.981515776E9
2.003556352E9
2.027495424E9
2.050035712E9
2.070388736E9
2.093522944E9
2.113650688E9
2.134276096E9
2.153746432E9
2.174230528E9
2.194673664E9
2.2124032E9
2.230448128E9
2.250655744E9
2.266707968E9
2.287271936E9
2.30926336E9
2.330150912E9
2.347429888E9
2.367062016E9
2.38930944E9
2.414467072E9
2.438408192E9
2.46238208E9
2.489198592E9
2.515955712E9
2.543140864E9
2.570274816E9
2.596544512E9
2.622560256E9
2.650533888E9
2.67789312E9
2.705537024E9
2.731708416E9
2.759274496E9
2.789937152E9
2.817011712E9
2.844741632E9
2.87302656E9
2.901979136E9
2.929082368E9
2.955517952E9
2.980151296E9
3.006636032E9
3.035408384E9
3.0649344E9
3.09357568E9
3.121260544E9
3.1500288E9
3.176773632E9
3.206793216E9
3.239858176E9
3.271897088E9
3.301074944E9
3.332032512E9
3.365513216E9
3.398168576E9
3.43410688E9
3.47031552E9
3.503874048E9
3.541010432E9
3.578535936E9
3.616493568E9
3.65443072E9
3.694516224E9
3.732973568E9
3.774314496E9
3.814047744E9
3.860226048E9
3.9057408E9
3.948232704E9
3.992844288E9
4.038821888E9
4.083437568E9
4.129933312E9
4.176474112E9
4.224356352E9
4.27252736E9
4.322977792E9
4.374300672E9
4.4273664E9
4.483598336E9
4.540166144E9
4.594130944E9
4.650070016E9
4.706060288E9
4.768438272E9
4.83105792E9
4.894251008E9
4.957038592E9
5.02228992E9
5.09067264E9
5.159380992E9
5.227579392E9
5.297432576E9
5.367986176E9
5.438937088E9
5.512218624E9
5.588342784E9
5.665368064E9
5.741449216E9
5.819244544E9
5.89819904E9
5.977780224E9
6.061053952E9
6.144012288E9
6.226970624E9
6.312617984E9
6.398216192E9
6.487031808E9
6.578182144E9
6.672734208E9
6.765600768E9
6.862833664E9
6.963798016E9
7.071186944E9
7.182372864E9
7.295567872E9
7.408603136E9
7.52769024E9
7.64924928E9
7.778121728E9
7.908472832E9
8.043470848E9
8.180185088E9
8.321943552E9
8.466141184E9
8.614176768E9
8.760520704E9
8.91126784E9
9.064564736E9
9.225142272E9
9.385834496E9
9.551314944E9
9.719515136E9
9.89540352E9
1.0076459008E10
1.0262976512E10
1.0455975936E10
1.0655102976E10
1.0859352064E10
1.1070373888E10
1.1284563968E10
1.150587904E10
1.1733295104E10
1.1966867456E10
1.2208406528E10
1.2457039872E10
1.271401472E10
1.2979601408E10
1.3251749888E10
1.3531322368E10
1.3824489472E10
1.4126442496E10
1.443835904E10
1.4759606272E10
1.5092846592E10
1.5435651072E10
1.5790508032E10
1.6159234048E10
1.654290432E10
1.693704192E10
1.7348345856E10
1.7774743552E10
1.821617152E10
1.8673598464E10
1.9148732416E10
1.964035072E10
2.0154544128E10
2.0691699712E10
2.1254782976E10
2.1836179456E10
2.2441015296E10
2.3071434752E10
2.373572608E10
2.4426164224E10
2.514801664E10
2.5900883968E10
2.6694887424E10
2.75249152E10
2.8397451264E10
2.9311821824E10
3.0272602112E10
3.12784896E10
3.2338423808E10
3.3452488704E10
3.462957056E10
3.5866212352E10
3.7177133056E10
3.8560239616E10
4.0031916032E10
4.1590020096E10
4.3248842752E10
4.5008683008E10
4.6886166528E10
4.8886304768E10
5.1026356224E10
5.3316722688E10
5.577004032E10
5.8404667392E10
6.1239805952E10
6.4293378048E10
6.7587158016E10
7.1148744704E10
7.5008710656E10
7.9200458752E10
8.3760437248E10
8.8733681664E10
9.4171066368E10
1.00130152448E11
1.06674069504E11
1.13890680832E11
1.21866887168E11
1.30713923584E11
1.405528576E11
1.51548434432E11
1.63865450496E11
1.7773100032E11
1.9337279488E11
2.11068133376E11
2.31019358208E11
2.53230882816E11
2.77155971072E11
3.02253959168E11
3.28280756224E11
3.53933459456E11
3.76460163072E11
3.95522082816E11
4.1340725248E11
4.31164299264E11
4.48601862144E11
4.65640046592E11
4.82285744128E11
4.98356197376E11
5.1418445824E11
5.30833977344E11
5.49235222528E11
5.69585043456E11
5.91411644416E11
6.14345005056E11
6.38135156736E11
6.62049298432E11
6.84487436288E11
7.03225380864E11
7.16267476992E11
7.23647567872E11
7.26019268608E11
7.23375771648E11
7.1560240128E11
7.02600370176E11
6.8369616896E11
6.58360418304E11
6.26835372032E11
5.89558689792E11
5.4254724096E11
4.82588166144E11
4.1857401856E11
3.60186619904E11
3.1038768128E11
2.68890095616E11
2.34415450112E11
2.05554644992E11
1.81143529472E11
1.60369178624E11
1.42561693696E11
1.27280734208E11
1.14201430016E11
1.03049281536E11
9.3464428544E10
8.5153878016E10
7.785325568E10
7.1400546304E10
6.5642416128E10
6.0489832448E10
5.5837065216E10
5.1628025856E10
4.7787159552E10
4.4313716736E10
4.1215361024E10
3.8502182912E10
3.6096702464E10
3.39522048E10
3.2013713408E10
3.0264492032E10
2.866490368E10
2.7207421952E10
2.586194944E10
2.4631209984E10
2.3488206848E10
2.2432749568E10
2.144958464E10
2.0540012544E10
1.9687960576E10
1.8894784512E10
1.8147237888E10
1.7445820416E10
1.677945856E10
1.6153151488E10
1.5556581376E10
1.4995595264E10
1.4459475968E10
1.3949718528E10
1.3466789888E10
1.301035008E10
1.2574261248E10
1.216382976E10
1.177252864E10
1.140059136E10
1.104748544E10
1.0712348672E10
1.0393366528E10
1.0088572928E10
9.794568192E9
9.513220096E9
9.244919808E9
8.987584512E9
8.74182656E9
8.503801856E9
8.278444032E9
8.059482112E9
7.852398592E9
7.652907008E9
7.461408768E9
7.278178304E9
7.101544448E9
6.930456576E9
6.769420288E9
6.612893696E9
6.462644224E9
6.313586688E9
6.1743104E9
6.033979392E9
5.89912064E9
5.766643712E9
5.639002112E9
5.512861696E9
5.395339264E9
5.278406656E9
5.166637056E9
5.05363456E9
4.950765568E9
4.851091456E9
4.753047552E9
4.654569472E9
4.561086464E9
4.46857216E9
4.382420992E9
4.292151296E9
4.208248832E9
4.122832896E9
4.041312256E9
3.961071616E9
3.880941568E9
3.803082752E9
3.728113664E9
3.65508608E9
3.58577152E9
3.51737856E9
3.449862144E9
3.383799808E9
3.321432064E9
3.260315648E9
3.200278528E9
3.143286784E9
3.084455936E9
3.027787776E9
2.974162944E9
2.92161536E9
2.867867648E9
2.817654784E9
2.76800512E9
2.717130752E9
2.668752896E9
2.623162368E9
2.576625664E9
2.53343744E9
2.49065472E9
2.450692096E9
2.411491328E9
2.375473152E9
2.33730048E9
2.302953472E9
2.267222016E9
2.233708544E9
2.2001664E9
2.16613888E9
2.131843072E9
2.0995072E9
2.06419968E9
2.030573568E9
1.999783936E9
1.971165184E9
1.937897472E9
1.905502208E9
1.8740736E9
1.845542912E9
1.81720064E9
1.789442048E9
1.76182272E9
1.73658112E9
1.709379584E9
1.68614912E9
1.66508544E9
1.645488128E9
1.621610496E9
1.599188992E9
1.578008576E9
1.557024768E9
1.535492096E9
1.5174144E9
1.496193024E9
1.47519488E9
1.456160768E9
1.437437952E9
1.4183936E9
1.39805696E9
1.378185216E9
1.360013312E9
1.341544448E9
1.324191744E9
1.3049856E9
1.283313664E9
1.264766976E9
1.24525568E9
1.2294144E9
1.213425664E9
1.195646976E9
1.179797504E9
1.166575616E9
1.151875072E9
1.136969728E9
1.123274752E9
1.112920064E9
1.098203136E9
1.083471872E9
1.070831616E9
1.06375168E9
1.053812736E9
1.042302976E9
1.029451776E9
1.017536512E9
1.005180928E9
9.9424256E8
9.78829312E8
9.67108608E8
9.55848704E8
9.42190592E8
9.27504384E8
9.16199424E8
9.02539264E8
8.85813248E8
8.7323648E8
8.6429696E8
8.52815872E8
8.40050688E8
8.25843712E8
8.14327808E8
8.01538048E8
7.88594688E8
7.760384E8
7.63830272E8
7.5455488E8
7.45895936E8
7.38326528E8
7.32966912E8
7.26059008E8
7.18063616E8
7.10486016E8
7.06224128E8
7.00895232E8
6.97921536E8
6.96694784E8
6.92680704E8
6.90169856E8
6.8606976E8
6.83206656E8
6.80054784E8
6.74840576E8
6.70502912E8
6.67899904E8
6.65382912E8
6.62439936E8
6.57676288E8
6.52816384E8
6.4565248E8
6.4084992E8
6.33217024E8
6.27628032E8
6.22475264E8
6.15561216E8
6.086144E8
6.00231936E8
5.92615424E8
5.86643456E8
5.81285888E8
5.75963136E8
5.74089216E8
5.72696576E8
5.67599104E8
5.63996672E8
5.61885184E8
5.59521792E8
5.53064448E8
5.47575808E8
5.41958144E8
5.37653248E8
5.29682432E8
5.2130816E8
5.13409024E8
5.0459648E8
4.96048128E8
4.8822272E8
4.79987712E8
4.71529472E8
4.61592576E8
4.55559168E8
4.49103872E8
4.44164096E8
4.35785728E8
4.29142016E8
4.247552E8
4.22549504E8
4.18717696E8
4.11262976E8
4.05000192E8
4.01375232E8
3.95503616E8
3.89722112E8
3.86719744E8
3.81691904E8
3.77739264E8
3.73530624E8
3.69764352E8
3.64484608E8
3.61506816E8
3.5637248E8
3.53785856E8
3.52802816E8
3.50322688E8
3.48145664E8
3.45993216E8
3.41379072E8
3.36123904E8
3.30805248E8
3.27524352E8
3.24040704E8
3.20526336E8
3.17335552E8
3.1535104E8
3.11492608E8
3.06282496E8
3.01826048E8
3.00572672E8
2.9930496E8
2.98913792E8
2.98063872E8
2.95030784E8
2.90502656E8
2.87940608E8
2.8488704E8
2.82513408E8
2.79005184E8
2.76287488E8
2.71798272E8
2.69549568E8
2.6834944E8
2.66057728E8
2.61726208E8
2.58961408E8
2.56733184E8
2.56043008E8
2.54881792E8
2.53642752E8
2.52696576E8
2.51416576E8
2.49483264E8
2.47973888E8
2.46638592E8
2.4229888E8
2.3825408E8
2.36238848E8
2.36075008E8
2.35198464E8
2.33146368E8
2.30320128E8
2.27395584E8
2.25298432E8
2.23903744E8
2.21421568E8
2.18066944E8
2.16201216E8
2.15474176E8
2.12770816E8
2.10829312E8
2.084864E8
2.06999552E8
2.05287424E8
2.01940992E8
1.99407616E8
1.97169152E8
1.94684928E8
1.94889728E8
1.91924224E8
1.89876224E8
1.87117568E8
1.847808E8
1.81905408E8
1.82648832E8
1.81131264E8
1.7954816E8
1.78343936E8
1.76766976E8
1.75560704E8
1.77094656E8
1.74979072E8
1.69754624E8
1.67155712E8
1.68493056E8
1.67737344E8
1.6769024E8
1.67194624E8
1.65885952E8
1.64507648E8
1.63108864E8
1.62574336E8
1.6014336E8
1.6039936E8
1.5853568E8
1.58455808E8
1.56801024E8
1.55076608E8
1.52578048E8
1.50544384E8
1.5003648E8
1.47197952E8
1.47677184E8
1.46960384E8
1.47593216E8
1.47974144E8
1.470976E8
1.43966208E8
1.42843904E8
1.41150208E8
1.36656896E8
1.37166848E8
1.36777728E8
1.32216832E8
1.27504384E8
1.28059392E8
1.28466944E8
1.26199808E8
1.25966336E8
1.23953152E8
1.22722304E8
1.2500992E8
1.24319744E8
1.25077504E8
1.22984448E8
1.19894016E8
1.1907072E8
1.18562816E8
1.16135936E8
1.15892224E8
1.15021824E8
1.17121024E8
1.15888128E8
1.13975296E8
1.10577664E8
1.10188544E8
1.10821376E8
1.10759936E8
1.09283328E8
1.05355264E8
1.03962624E8
1.03051264E8
1.02260736E8
1.02780928E8
1.01095424E8
1.00417536E8
1.00171776E8
9.8781184E7
9.8852864E7
9.6333824E7
9.2246016E7
9.317376E7
9.3952E7
9.2387328E7
8.8645632E7
8.766464E7
8.9698304E7
8.9884672E7
8.8109056E7
8.6243328E7
8.59136E7
8.695808E7
8.7332864E7
8.2798592E7
8.2407424E7
8.281088E7
8.0693248E7
8.0830464E7
8.1127424E7
8.0242688E7
8.0525312E7
7.776256E7
7.5116544E7
7.441408E7
7.565312E7
7.412736E7
7.351296E7
7.1456768E7
7.1411712E7
6.9789696E7
6.7131392E7
6.508544E7
6.5363968E7
6.7072E7
6.9033984E7
6.9029888E7
6.9128192E7
6.725632E7
6.5316864E7
6.1935616E7
5.9041792E7
6.0399616E7
6.250496E7
6.1659136E7
5.8701824E7
5.7073664E7
5.6264704E7
5.4960128E7
5.2609024E7
5.1081216E7
5.0198528E7
4.7167488E7
4.804608E7
4.7210496E7
4.317184E7
4.2881024E7
4.1158656E7
3.8055936E7
3.673088E7
3.5004416E7
3.2374784E7
3.0984192E7
2.9769728E7
2.9057024E7
2.7828224E7
2.6988544E7
2.3918592E7
2.3130112E7
2.3003136E7
1.9755008E7
1.7973248E7
1.9396608E7
2.0482048E7
2.2083584E7
2.1088256E7
2.0453376E7
1.912832E7
1.9607552E7
1.890304E7
1.7362944E7
1.8651136E7
1.7299456E7
1.6207872E7
2.0097024E7
2.19648E7
2.3007232E7
2.1899264E7
1.9961856E7
1.8786304E7
1.9329024E7
1.9412992E7
1.9812352E7
1.9255296E7
1.7563648E7
1.65888E7
1.7688576E7
1.835008E7
1.9726336E7
1.9935232E7
1.9912704E7
1.9591168E7
2.0774912E7
1.9972096E7
1.64864E7
1.4897152E7
1.4825472E7
1.3129728E7
1.1483136E7
1.197056E7
1.0496E7
6541312.0
4384768.0
4767744.0
3041280.0
2363392.0
2299904.0
3538944.0
3188736.0
3647488.0
4280320.0
4585472.0
4642816.0
7495680.0
1.0293248E7
1.2726272E7
1.4661632E7
1.4522368E7
1.2398592E7
1.247232E7
1.0115072E7
8749056.0
7905280.0
6971392.0
4159488.0
1509376.0
294912.0
-2691072.0
-5801984.0
-5939200.0
-4937728.0
-5406720.0
-5482496.0
-6811648.0
-9119744.0
-1.0391552E7
-7415808.0
-5642240.0
-7591936.0
-7950336.0
-7723008.0
-8376320.0
-7720960.0
-5494784.0
-6367232.0
-8259584.0
-1.1268096E7
-1.048576E7
-9760768.0
-7274496.0
-4425728.0
-3823616.0
-5036032.0
-4913152.0
-4612096.0
-6586368.0
-5562368.0
-4319232.0
-3293184.0
-786432.0
77824.0
-1685504.0
-352256.0
-2031616.0
-1116160.0
1085440.0
1908736.0
2799616.0
1497088.0
1705984.0
2623488.0
1775616.0
2803712.0
862208.0
3323904.0
6305792.0
8714240.0
7368704.0
7788544.0
9320448.0
1.1696128E7
1.2668928E7
1.5335424E7
2.0867072E7
2.2511616E7
2.4807424E7
2.9210624E7
3.463168E7
3.76832E7
3.8989824E7
4.247552E7
4.8257024E7
5.2365312E7
5.6363008E7
5.9959296E7
6.301696E7
6.2615552E7
6.2244864E7
6.2154752E7
6.300672E7
6.0319744E7
5.9179008E7
5.723136E7
5.4992896E7
5.2948992E7
4.5529088E7
3.8252544E7
3.0664704E7
2.4784896E7
2.1530624E7
1.5990784E7
1.2015616E7
8710144.0
5122048.0
3917824.0
-321536.0
-3418112.0
-5617664.0
-9439232.0
-1.2589056E7
-1.3125632E7
-1.3082624E7
-1.4782464E7
-1.6021504E7
-1.4280704E7
-1.5099904E7
-1.8292736E7
-1.8219008E7
-1.7035264E7
-1.5665152E7
-1.2357632E7
-1.1446272E7
-9095168.0
-7206912.0
-5437440.0
-3481600.0
-1912832.0
-1226752.0
-1171456.0
1650688.0
1480704.0
4134912.0
2867200.0
3186688.0
5064704.0
3203072.0
3610624.0
5638144.0
3143680.0
-933888.0
-6182912.0
-6281216.0
-4968448.0
-5187584.0
-7288832.0
-6146048.0
-4925440.0
-4179968.0
-4986880.0
-4538368.0
-2930688.0
-2635776.0
-1996800.0
-2762752.0
-3682304.0
-5185536.0
-3680256.0
-966656.0
448512.0
-401408.0
-651264.0
88064.0
2031616.0
1165312.0
3334144.0
3088384.0
2922496.0
2629632.0
4188160.0
5836800.0
6627328.0
5945344.0
4849664.0
6156288.0
6586368.0
6391808.0
5840896.0
4562944.0
4677632.0
3026944.0
2406400.0
1390592.0
331776.0
-940032.0
-1398784.0
333824.0
-1509376.0
-5222400.0
-6039552.0
-6342656.0
-5812224.0
-7616512.0
-9058304.0
-9877504.0
-1.2556288E7
-1.25952E7
-1.2484608E7
-1.25952E7
-1.176576E7
-1.0971136E7
-1.0754048E7
-9947136.0
-1.2443648E7
-1.5151104E7
-1.7375232E7
-1.823744E7
-1.8249728E7
-1.8055168E7
-1.6807936E7
-1.6949248E7
-1.7252352E7
-1.7913856E7
-1.6666624E7
-1.4770176E7
-1.5726592E7
-1.671168E7
-1.63328E7
-1.390592E7
-1.2320768E7
-1.260544E7
-1.24416E7
-1.1978752E7
-1.0452992E7
-9728000.0
-9398272.0
-1.0283008E7
-1.1925504E7
-8218624.0
-5216256.0
-3371008.0
-4237312.0
-4847616.0
-7270400.0
-4927488.0
-3979264.0
-5365760.0
-3938304.0
-3209216.0
-4515840.0
-3387392.0
-3819520.0
-5556224.0
-5023744.0
-4378624.0
-4913152.0
-4063232.0
-3907584.0
-4159488.0
-3917824.0
-3442688.0
-3424256.0
-4007936.0
-4403200.0
-5214208.0
-5195776.0
-4446208.0
-1730560.0
-4128768.0
-3004416.0
-2541568.0
-923648.0
-1132544.0
-1234944.0
122880.0
-3276800.0
-5132288.0
-3280896.0
-620544.0
-258048.0
-2424832.0
-1646592.0
-1910784.0
-3401728.0
-3846144.0
-2879488.0
-2846720.0
-3059712.0
-5302272.0
-4931584.0
-4208640.0
-5036032.0
-5224448.0
-5341184.0
-9046016.0
-9580544.0
-7012352.0
-6465536.0
-5255168.0
-4898816.0
-5672960.0
-5122048.0
-5699584.0
-7878656.0
-6836224.0
-8083456.0
-1.0831872E7
-1.1907072E7
-1.2288E7
-1.2087296E7
-9467904.0
-8837120.0
-9218048.0
-1.0780672E7
-1.0831872E7
-9697280.0
-6651904.0
-7976960.0
-9869312.0
-8730624.0
-8474624.0
-1.0143744E7
-8556544.0
-8615936.0
-8267776.0
-6887424.0
-5042176.0
-5582848.0
-7792640.0
-9529344.0
-9482240.0
-7360512.0
-6412288.0
-5738496.0
-7356416.0
-6567936.0
-8433664.0
-8923136.0
-7186432.0
-6852608.0
-8093696.0
-7634944.0
-7716864.0
-9658368.0
-8433664.0
-7192576.0
-6039552.0
-5054464.0
-3305472.0
-3352576.0
-4415488.0
-1906688.0
-1435648.0
-995328.0
-514048.0
-647168.0
-1959936.0
-1773568.0
-1677312.0
-1292288.0
-3407872.0
-5732352.0
-5308416.0
-2975744.0
-3291136.0
-3829760.0
-5400576.0
-6752256.0
-5847040.0
-8519680.0
-8714240.0
-8247296.0
-7780352.0
-6914048.0
-7217152.0
-8638464.0
-8994816.0
-9871360.0
-8110080.0
-7319552.0
-8026112.0
-6408192.0
-3328000.0
-3450880.0
-2549760.0
-417792.0
-1089536.0
-231424.0
2940928.0
3966976.0
5169152.0
6285312.0
6594560.0
9041920.0
1.0717184E7
1.0530816E7
1.2537856E7
1.4106624E7
1.2271616E7
1.132544E7
1.2388352E7
1.2896256E7
1.2640256E7
1.4002176E7
1.4882816E7
1.5562752E7
1.4032896E7
1.3533184E7
1.411072E7
1.4323712E7
1.5550464E7
1.524736E7
1.4635008E7
1.5243264E7
1.7369088E7
1.7117184E7
1.7348608E7
1.9693568E7
2.215936E7
2.202624E7
2.1045248E7
2.241536E7
2.1471232E7
2.0852736E7
2.3025664E7
2.24256E7
2.2536192E7
2.4920064E7
2.6128384E7
2.7338752E7
2.81088E7
3.0316544E7
2.9292544E7
3.106816E7
3.1309824E7
3.2997376E7
3.4332672E7
3.6452352E7
3.719168E7
3.6870144E7
3.702784E7
3.5887104E7
3.6104192E7
3.6456448E7
3.7640192E7
3.9481344E7
4.0794112E7
3.9634944E7
4.0220672E7
4.0577024E7
4.155392E7
4.0511488E7
3.8176768E7
3.9354368E7
3.863552E7
3.7888E7
3.9702528E7
3.9743488E7
3.9057408E7
3.7648384E7
3.9077888E7
4.0720384E7
4.2385408E7
4.2082304E7
4.3853824E7
4.3913216E7
4.3126784E7
4.1252864E7
4.2309632E7
4.4189696E7
4.4402688E7
4.521984E7
4.4877824E7
4.468736E7
4.5314048E7
4.569088E7
4.639744E7
4.7204352E7
4.6594048E7
4.4531712E7
4.3522048E7
4.6022656E7
4.7611904E7
4.9219584E7
4.9065984E7
4.873216E7
4.8662528E7
4.7378432E7
4.7597568E7
4.8881664E7
4.867072E7
4.7753216E7
4.8726016E7
4.9739776E7
4.65408E7
4.7378432E7
5.081088E7
5.112832E7
5.1591168E7
5.0958336E7
5.1974144E7
5.2918272E7
5.1488768E7
5.1372032E7
5.4601728E7
5.733376E7
5.808128E7
5.807104E7
5.7069568E7
5.720064E7
6.1136896E7
6.4192512E7
6.48704E7
6.4827392E7
6.2373888E7
6.1446144E7
6.2502912E7
6.555648E7
6.4677888E7
6.7155968E7
6.7588096E7
6.8499456E7
6.9830656E7
6.9634048E7
7.1305216E7
7.3203712E7
7.5554816E7
7.4811392E7
7.41376E7
7.385088E7
7.5747328E7
7.694336E7
7.8168064E7
7.8518272E7
7.928832E7
8.1123328E7
8.195072E7
8.0621568E7
7.9437824E7
8.1915904E7
8.3816448E7
8.4127744E7
8.3509248E7
8.5379072E7
8.5045248E7
8.5510144E7
8.6673408E7
8.6196224E7
8.6259712E7
8.7881728E7
8.933376E7
9.0507264E7
9.2780544E7
9.2567552E7
9.2176384E7
9.3974528E7
9.7101824E7
9.8799616E7
1.00016128E8
9.7605632E7
9.8093056E7
1.00159488E8
1.03442432E8
1.05046016E8
1.03897088E8
1.0503168E8
1.08130304E8
1.10348288E8
1.1044864E8
1.13293312E8
1.16185088E8
1.15451904E8
1.1503616E8
1.1409408E8
1.13678336E8
1.14018304E8
1.1584512E8
1.15625984E8
1.16436992E8
1.16174848E8
1.16271104E8
1.1482112E8
1.15249152E8
1.17190656E8
1.13723392E8
1.12480256E8
1.12842752E8
1.12064512E8
1.08398592E8
1.07802624E8
1.06407936E8
1.04583168E8
1.02529024E8
1.01261312E8
1.00831232E8
1.00612096E8
1.01033984E8
1.00190208E8
9.817088E7
9.783296E7
9.9252224E7
1.00399104E8
1.01863424E8
9.6854016E7
9.4466048E7
9.6249856E7
9.5117312E7
9.5217664E7
9.4816256E7
9.2489728E7
9.0290176E7
9.1725824E7
9.373696E7
9.3759488E7
9.1926528E7
9.152512E7
9.2860416E7
9.4234624E7
9.4208E7
9.4070784E7
9.4199808E7
9.426944E7
9.269248E7
9.3679616E7
9.5352832E7
9.759744E7
9.7513472E7
9.824256E7
9.7009664E7
9.4296064E7
9.6423936E7
9.5807488E7
9.4611456E7
9.4345216E7
9.4736384E7
9.1621376E7
9.2573696E7
9.3427712E7
9.2346368E7
9.2274688E7
9.0554368E7
9.2463104E7
9.1715584E7
9.0601472E7
9.2495872E7
9.4865408E7
9.54368E7
9.3026304E7
9.2932096E7
9.1887616E7
9.0150912E7
9.0107904E7
9.122816E7
9.1920384E7
9.3595648E7
9.4173184E7
9.2903424E7
9.2416E7
9.4377984E7
9.5746048E7
9.4449664E7
9.613312E7
9.5393792E7
9.3016064E7
9.3745152E7
9.3499392E7
9.2069888E7
9.2194816E7
9.2186624E7
9.1764736E7
9.235456E7
9.3034496E7
9.4349312E7
9.5328256E7
9.4660608E7
9.4738432E7
9.5186944E7
9.5715328E7
9.787392E7
9.9096576E7
9.8953216E7
9.8152448E7
9.5279104E7
9.494528E7
9.691136E7
9.5748096E7
9.5346688E7
9.4951424E7
9.7308672E7
9.843712E7
9.8050048E7
9.9270656E7
9.853952E7
9.801728E7
9.9954688E7
1.02168576E8
1.02107136E8
1.0211328E8
1.0062848E8
1.01064704E8
1.02555648E8
1.040896E8
1.05617408E8
1.06829824E8
1.09031424E8
1.09467648E8
1.11509504E8
1.13065984E8
1.1242496E8
1.11013888E8
1.1076608E8
1.10774272E8
1.1113472E8
1.12611328E8
1.14036736E8
1.14393088E8
1.14675712E8
1.14956288E8
1.15621888E8
1.1603968E8
1.16850688E8
1.17921792E8
1.19349248E8
1.20119296E8
1.20059904E8
1.2227584E8
1.22966016E8
1.2188672E8
1.19353344E8
1.16854784E8
1.17434368E8
1.18880256E8
1.1761664E8
1.18769664E8
1.20055808E8
1.2038144E8
1.20776704E8
1.21769984E8
1.21421824E8
1.20287232E8
1.19730176E8
1.2038144E8
1.22587136E8
1.23928576E8
1.246208E8
1.24315648E8
1.24700672E8
1.2393472E8
1.20817664E8
1.2204032E8
1.2232704E8
1.22576896E8
1.2155904E8
1.2307456E8
1.249792E8
1.25765632E8
1.29908736E8
1.30424832E8
1.28985088E8
1.2673024E8
1.2612608E8
1.29536E8
1.3174784E8
1.31688448E8
1.33103616E8
1.33310464E8
1.34948864E8
1.35538688E8
1.34825984E8
1.34920192E8
1.36753152E8
1.35182336E8
1.34561792E8
1.35985152E8
1.350144E8
1.35170048E8
1.3617152E8
1.36873984E8
1.35989248E8
1.36220672E8
1.37127936E8
1.3725696E8
1.38350592E8
1.39593728E8
1.4024704E8
1.4184448E8
1.44265216E8
1.44207872E8
1.4563328E8
1.46354176E8
1.45876992E8
1.45856512E8
1.4630912E8
1.48148224E8
1.48938752E8
1.5079424E8
1.50370304E8
1.50706176E8
1.52557568E8
1.50943744E8
1.51554048E8
1.5224832E8
1.52786944E8
1.54476544E8
1.57339648E8
1.58808064E8
1.57329408E8
1.55521024E8
1.5628288E8
1.58529536E8
1.58365696E8
1.58445568E8
1.58793728E8
1.59932416E8
1.632768E8
1.65310464E8
1.66674432E8
1.6608256E8
1.64939776E8
1.6416768E8
1.64415488E8
1.66037504E8
1.6713728E8
1.68538112E8
1.69265152E8
1.73152256E8
1.74616576E8
1.73471744E8
1.75720448E8
1.78436096E8
1.7893376E8
1.80441088E8
1.83775232E8
1.883136E8
1.929728E8
1.95018752E8
1.93753088E8
1.942528E8
1.93425408E8
1.93040384E8
1.96605952E8
2.00077312E8
2.02940416E8
2.051584E8
2.06383104E8
2.09723392E8
2.13929984E8
2.16836096E8
2.1812224E8
2.2177792E8
2.27905536E8
2.33168896E8
2.34002432E8
2.35452416E8
2.38886912E8
2.42618368E8
2.45426176E8
2.49071616E8
2.54472192E8
2.55250432E8
2.558976E8
2.5718784E8
2.57314816E8
2.56661504E8
2.56120832E8
2.57558528E8
2.60227072E8
2.61019648E8
2.62612992E8
2.64460288E8
2.67913216E8
2.7244544E8
2.763264E8
2.80102912E8
2.81647104E8
2.85147136E8
2.88200704E8
2.92079616E8
2.9611008E8
2.97306112E8
2.9947904E8
3.01768704E8
3.07707904E8
3.14386432E8
3.19207424E8
3.2294912E8
3.26404096E8
3.29914368E8
3.35388672E8
3.37106944E8
3.36519168E8
3.37242112E8
3.39124224E8
3.42532096E8
3.42452224E8
3.3963008E8
3.37381376E8
3.35271936E8
3.33395968E8
3.28777728E8
3.26483968E8
3.24358144E8
3.21724416E8
3.17827072E8
3.16606464E8
3.1616E8
3.14036224E8
3.13178112E8
3.08361216E8
3.05098752E8
3.02002176E8
2.99175936E8
2.9623296E8
2.9374464E8
2.92538368E8
2.898432E8
2.873856E8
2.86660608E8
2.83355136E8
2.79535616E8
2.766336E8
2.75060736E8
2.75351552E8
2.75079168E8
2.73053696E8
2.72238592E8
2.69070336E8
2.67374592E8
2.64587264E8
2.60943872E8
2.61451776E8
2.59381248E8
2.58127872E8
2.56823296E8
2.52841984E8
2.49526272E8
2.49178112E8
2.48809472E8
2.46499328E8
2.43216384E8
2.40924672E8
2.39071232E8
2.3816192E8
2.38671872E8
2.39648768E8
2.38016512E8
2.36843008E8
2.36173312E8
2.3314432E8
2.34039296E8
2.32757248E8
2.31100416E8
2.29543936E8
2.2955008E8
2.27530752E8
2.26105344E8
2.24077824E8
2.21949952E8
2.23799296E8
2.23531008E8
2.21652992E8
2.2136832E8
2.216448E8
2.18464256E8
2.1612544E8
2.17563136E8
2.18392576E8
2.164224E8
2.15857152E8
2.1443584E8
2.1376E8
2.14267904E8
2.16223744E8
2.1639168E8
2.17212928E8
2.15986176E8
2.15724032E8
2.1497856E8
2.14884352E8
2.1630976E8
2.14810624E8
2.14716416E8
2.15373824E8
2.17040896E8
2.15615488E8
2.16129536E8
2.1501952E8
2.13090304E8
2.1377024E8
2.13776384E8
2.13932032E8
2.15093248E8
2.17341952E8
2.18580992E8
2.19904E8
2.2049792E8
2.19000832E8
2.19209728E8
2.22652416E8
2.22644224E8
2.20813312E8
2.22029824E8
2.24903168E8
2.26373632E8
2.25052672E8
2.24284672E8
2.25181696E8
2.23168512E8
2.22296064E8
2.23660032E8
2.26854912E8
2.28734976E8
2.31276544E8
2.33209856E8
2.35096064E8
2.34082304E8
2.33998336E8
2.37703168E8
2.38628864E8
2.4088576E8
2.4209408E8
2.40601088E8
2.41512448E8
2.4278016E8
2.43085312E8
2.45884928E8
2.47017472E8
2.48651776E8
2.51226112E8
2.51879424E8
2.53601792E8
2.55152128E8
2.526208E8
2.53833216E8
2.54224384E8
2.54040064E8
2.53528064E8
2.55811584E8
2.58660352E8
2.58400256E8
2.56567296E8
2.5795584E8
2.62879232E8
2.65586688E8
2.64757248E8
2.64413184E8
2.67446272E8
2.68888064E8
2.70225408E8
2.71276032E8
2.70917632E8
2.69596672E8
2.69213696E8
2.69303808E8
2.69340672E8
2.69139968E8
2.67851776E8
2.67442176E8
2.66924032E8
2.67003904E8
2.65947136E8
2.66637312E8
2.6838016E8
2.67104256E8
2.6714112E8
2.65672704E8
2.65111552E8
2.638336E8
2.6318848E8
2.63102464E8
2.61031936E8
2.59121152E8
2.57478656E8
2.55496192E8
2.54701568E8
2.55217664E8
2.55840256E8
2.534912E8
2.52545024E8
2.53200384E8
2.50212352E8
2.46114304E8
2.44637696E8
2.43218432E8
2.4045568E8
2.3763968E8
2.3658496E8
2.3468032E8
2.33148416E8
2.3230464E8
2.29269504E8
2.28702208E8
2.28446208E8
2.26246656E8
2.24661504E8
2.22916608E8
2.20485632E8
2.1809152E8
2.18308608E8
2.16557568E8
2.14272E8
2.15240704E8
2.12918272E8
2.10374656E8
2.08154624E8
2.0440064E8
2.02807296E8
2.0517888E8
2.0496384E8
2.03685888E8
2.00630272E8
2.00040448E8
2.01295872E8
1.98463488E8
1.97115904E8
1.964032E8
1.9165184E8
1.89411328E8
1.8783232E8
1.86454016E8
1.85554944E8
1.85059328E8
1.83998464E8
1.82622208E8
1.824256E8
1.78774016E8
1.7659904E8
1.76879616E8
1.73907968E8
1.71124736E8
1.72355584E8
1.74336E8
1.73379584E8
1.71988992E8
1.69259008E8
1.65691392E8
1.66387712E8
1.6564224E8
1.65777408E8
1.6698368E8
1.67184384E8
1.65677056E8
1.63710976E8
1.62994176E8
1.62854912E8
1.58406656E8
1.56135424E8
1.55359232E8
1.53483264E8
1.55052032E8
1.56403712E8
1.55082752E8
1.541632E8
1.52559616E8
1.4976E8
1.4696448E8
1.47402752E8
1.4747648E8
1.46704384E8
1.45975296E8
1.46857984E8
1.46741248E8
1.45235968E8
1.44545792E8
1.43276032E8
1.42323712E8
1.41027328E8
1.40652544E8
1.39927552E8
1.38805248E8
1.37496576E8
1.35292928E8
1.34490112E8
1.34709248E8
1.33134336E8
1.3124608E8
1.3120512E8
1.32347904E8
1.28837632E8
1.27924224E8
1.28534528E8
1.30750464E8
1.293312E8
1.27492096E8
1.27684608E8
1.26777344E8
1.25231104E8
1.24942336E8
1.23103232E8
1.21677824E8
1.22722304E8
1.2407808E8
1.24264448E8
1.2343296E8
1.21018368E8
1.1890688E8
1.18462464E8
1.19451648E8
1.17725184E8
1.15408896E8
1.1439104E8
1.1204608E8
1.12080896E8
1.10884864E8
1.0964992E8
1.0886144E8
1.099776E8
1.11187968E8
1.12146432E8
1.10671872E8
1.0758144E8
1.06663936E8
1.06121216E8
1.03387136E8
1.02549504E8
1.02821888E8
1.02121472E8
1.03796736E8
1.06131456E8
1.04783872E8
1.03299072E8
1.02660096E8
1.02019072E8
1.01797888E8
1.003008E8
9.9330048E7
9.9188736E7
9.7476608E7
9.7019904E7
9.7593344E7
9.801728E7
9.607168E7
9.4959616E7
9.389056E7
9.4599168E7
9.4005248E7
9.4144512E7
9.4246912E7
9.3386752E7
9.5266816E7
9.3853696E7
9.20576E7
9.0750976E7
8.9192448E7
8.9227264E7
8.7699456E7
8.6800384E7
8.5622784E7
8.5379072E7
8.5827584E7
8.607744E7
8.4719616E7
8.344576E7
8.3931136E7
8.2710528E7
8.2927616E7
8.4170752E7
8.505344E7
8.1854464E7
8.0062464E7
8.1461248E7
8.1444864E7
7.9962112E7
7.9302656E7
7.778304E7
7.8145536E7
7.812096E7
7.8698496E7
7.7932544E7
7.6951552E7
7.719936E7
7.4706944E7
7.6754944E7
7.7101056E7
7.4942464E7
7.6148736E7
7.5741184E7
7.4856448E7
7.3959424E7
7.3428992E7
7.317504E7
7.539712E7
7.4399744E7
7.1538688E7
7.1800832E7
7.2450048E7
7.2720384E7
7.3607168E7
7.4674176E7
7.5036672E7
7.3324544E7
7.1800832E7
6.970368E7
6.8876288E7
6.746112E7
6.6889728E7
6.8550656E7
6.9234688E7
7.0555648E7
7.0025216E7
7.0105088E7
7.1417856E7
6.8478976E7
6.6414592E7
6.62016E7
6.4131072E7
6.3111168E7
6.2767104E7
6.3870976E7
6.5550336E7
6.6957312E7
6.5263616E7
6.2400512E7
6.1622272E7
6.0665856E7
6.1814784E7
6.4073728E7
6.234112E7
6.0870656E7
5.974016E7
5.9348992E7
5.8212352E7
5.7161728E7
5.602304E7
5.4153216E7
5.4145024E7
5.6160256E7
5.569536E7
5.746688E7
5.781504E7
5.7952256E7
5.6846336E7
5.4259712E7
5.489664E7
5.6561664E7
5.5330816E7
5.4784E7
5.553152E7
5.5724032E7
5.6516608E7
5.6096768E7
5.6188928E7
5.6379392E7
5.5904256E7
5.2543488E7
4.9455104E7
4.6872576E7
4.6006272E7
4.8930816E7
5.1212288E7
5.0786304E7
5.101568E7
4.9465344E7
4.9106944E7
5.0184192E7
4.999168E7
4.96128E7
4.954112E7
4.8402432E7
4.7560704E7
4.8662528E7
4.8367616E7
4.9061888E7
4.8447488E7
4.6850048E7
4.76672E7
4.8590848E7
4.7628288E7
4.6514176E7
4.6032896E7
4.6821376E7
4.5903872E7
4.4556288E7
4.3108352E7
4.2846208E7
4.3872256E7
4.2467328E7
4.1007104E7
4.0818688E7
4.2674176E7
4.3851776E7
4.2539008E7
4.0974336E7
4.1046016E7
4.0173568E7
4.1007104E7
3.9481344E7
4.2924032E7
4.5697024E7
4.5395968E7
4.289536E7
4.0372224E7
3.9593984E7
3.9307264E7
4.0208384E7
4.1211904E7
4.022272E7
3.9593984E7
3.8565888E7
3.8340608E7
3.9002112E7
3.8479872E7
3.7789696E7
3.7691392E7
3.6407296E7
3.6134912E7
3.6671488E7
3.6990976E7
3.8260736E7
3.6622336E7
3.7828608E7
3.8623232E7
3.7074944E7
3.426304E7
3.437568E7
3.4635776E7
3.4850816E7
3.4254848E7
3.2579584E7
3.3622016E7
3.5528704E7
3.377152E7
3.2006144E7
3.098624E7
3.1799296E7
3.1911936E7
3.4353152E7
3.5207168E7
3.223552E7
3.0263296E7
2.8604416E7
2.670592E7
2.7789312E7
2.783232E7
2.823168E7
2.8348416E7
2.7926528E7
2.7613184E7
2.9032448E7
2.9540352E7
3.0466048E7
3.0015488E7
2.6200064E7
2.577408E7
2.6441728E7
2.7930624E7
2.688E7
2.6984448E7
2.4608768E7
2.4190976E7
2.6515456E7
2.5044992E7
2.377728E7
2.3166976E7
2.3973888E7
2.4723456E7
2.5786368E7
2.673664E7
2.5112576E7
2.2788096E7
2.3003136E7
2.3523328E7
2.2431744E7
2.2308864E7
2.3138304E7
2.14016E7
2.1409792E7
2.469888E7
2.3392256E7
2.1420032E7
2.0146176E7
1.9329024E7
1.9697664E7
2.0707328E7
1.9494912E7
1.8065408E7
1.8280448E7
1.7096704E7
1.716224E7
1.840128E7
1.7905664E7
1.789952E7
1.750016E7
1.9050496E7
1.973248E7
2.0871168E7
1.9142656E7
2.0021248E7
2.1235712E7
1.9918848E7
1.846272E7
1.7158144E7
1.641472E7
1.7117184E7
1.7430528E7
1.7379328E7
1.744896E7
1.4229504E7
1.3279232E7
1.502208E7
1.5161344E7
1.6705536E7
1.8438144E7
1.815552E7
1.589248E7
1.503232E7
1.4675968E7
1.4729216E7
1.3910016E7
1.2097536E7
1.2521472E7
1.385472E7
1.4876672E7
1.2724224E7
1.2146688E7
1.169408E7
1.480704E7
1.4278656E7
1.4700544E7
1.4780416E7
1.1982848E7
1.220608E7
1.5915008E7
1.721344E7
1.577984E7
1.3019136E7
1.3899776E7
1.4071808E7
1.2089344E7
1.325056E7
1.451008E7
1.4186496E7
1.406976E7
1.4442496E7
1.4493696E7
1.263616E7
1.0842112E7
1.1620352E7
1.319936E7
1.1792384E7
1.155072E7
1.3838336E7
1.3727744E7
1.4372864E7
1.3002752E7
9791488.0
9211904.0
1.0430464E7
9586688.0
7481344.0
8488960.0
9541632.0
9680896.0
1.063936E7
1.1067392E7
1.0387456E7
7512064.0
7704576.0
8665088.0
6975488.0
5464064.0
4040704.0
5890048.0
7645184.0
8110080.0
8120320.0
7702528.0
9787392.0
9684992.0
6912000.0
4835328.0
5685248.0
4214784.0
4595712.0
4075520.0
5693440.0
7333888.0
6694912.0
6086656.0
7094272.0
5433344.0
4460544.0
5066752.0
7528448.0
9304064.0
9277440.0
8503296.0
6981632.0
8099840.0
8306688.0
6408192.0
5111808.0
5476352.0
6191104.0
6705152.0
6207488.0
8591360.0
7520256.0
5412864.0
5822464.0
7618560.0
8280064.0
7002112.0
5089280.0
5738496.0
4282368.0
4704256.0
4257792.0
4341760.0
6621184.0
6316032.0
5304320.0
4603904.0
5089280.0
3885056.0
3911680.0
4704256.0
3880960.0
1804288.0
-598016.0
-524288.0
-225280.0
-655360.0
-227328.0
-1255424.0
-1259520.0
-380928.0
1794048.0
2375680.0
2170880.0
1671168.0
-129024.0
1916928.0
3297280.0
5009408.0
5072896.0
3840000.0
1703936.0
466944.0
778240.0
2684928.0
2150400.0
-305152.0
864256.0
387072.0
1544192.0
3055616.0
3080192.0
3555328.0
2457600.0
1189888.0
1431552.0
835584.0
417792.0
2492416.0
4726784.0
4573184.0
3674112.0
4665344.0
2701312.0
-237568.0
-172032.0
-2699264.0
-1771520.0
8192.0
-653312.0
428032.0
1595392.0
491520.0
1720320.0
727040.0
495616.0
1337344.0
106496.0
-2770944.0
-1662976.0
303104.0
1323008.0
1382400.0
1474560.0
1523712.0
-454656.0
886784.0
-1832960.0
-1005568.0
-1007616.0
2048.0
200704.0
436224.0
-239616.0
-1116160.0
-1765376.0
-2191360.0
-989184.0
2734080.0
2148352.0
3387392.0
6533120.0
3397632.0
819200.0
514048.0
884736.0
-651264.0
313344.0
1054720.0
-296960.0
-2781184.0
-2752512.0
-3241984.0
-1101824.0
-1658880.0
-3207168.0
-1787904.0
860160.0
133120.0
589824.0
155648.0
-1142784.0
-847872.0
-1105920.0
-1857536.0
-1894400.0
-3796992.0
-3334144.0
-3162112.0
-2885632.0
-1312768.0
-2279424.0
-3840000.0
-1329152.0
1110016.0
1460224.0
2516992.0
2375680.0
491520.0
-2535424.0
-4055040.0
-3878912.0
-3332096.0
-3184640.0
-2584576.0
-4636672.0
-4610048.0
-4225024.0
-2801664.0
-1554432.0
-1554432.0
-4605952.0
-4962304.0
-5715968.0
-3418112.0
-2891776.0
-2727936.0
-5339136.0
-6799360.0
-6367232.0
-6281216.0
-6496256.0
-7278592.0
-6184960.0
-5554176.0
-5285888.0
-4130816.0
-3543040.0
-2785280.0
-2435072.0
-4691968.0
-2914304.0
-2787328.0
-4403200.0
-3860480.0
-4235264.0
-3661824.0
-1961984.0
-4382720.0
-6180864.0
-5361664.0
-3262464.0
-4708352.0
-6086656.0
-6725632.0
-7211008.0
-5625856.0
-4698112.0
-6266880.0
-5711872.0
-5711872.0
-5738496.0
-5416960.0
-6903808.0
-7108608.0
-7143424.0
-5548032.0
-4347904.0
-3794944.0
-4472832.0
-6000640.0
-6860800.0
-7227392.0
-8087552.0
-1.0186752E7
-7405568.0
-5775360.0
-2992128.0
-3067904.0
-4253696.0
-6248448.0
-6877184.0
-6070272.0
-5249024.0
-4755456.0
-4597760.0
-6187008.0
-7041024.0
-5335040.0
-4855808.0
-5941248.0
-7176192.0
-5378048.0
-6281216.0
-5216256.0
-5466112.0
-4714496.0
-4591616.0
-5697536.0
-5275648.0
-4902912.0
-3325952.0
-4067328.0
-5326848.0
-4247552.0
-3053568.0
-3534848.0
-4669440.0
-5328896.0
-7421952.0
-5179392.0
-4300800.0
-7219200.0
-5996544.0
-6293504.0
-9431040.0
-9478144.0
-6453248.0
-5541888.0
-7524352.0
-7925760.0
-5658624.0
-3604480.0
-4724736.0
-4294656.0
-6047744.0
-5830656.0
-5623808.0
-5076992.0
-4997120.0
-5873664.0
-7032832.0
-5529600.0
-3844096.0
-4335616.0
-2584576.0
-4714496.0
-8062976.0
-9422848.0
-8169472.0
-5890048.0
-5545984.0
-7151616.0
-7905280.0
-5902336.0
-6760448.0
-6416384.0
-4978688.0
-6809600.0
-6981632.0
-7462912.0
-5705728.0
-5867520.0
-5189632.0
-5001216.0
-4687872.0
-5560320.0
-5830656.0
-3043328.0
-1886208.0
-4286464.0
-6473728.0
-7782400.0
-8310784.0
-9299968.0
-1.1524096E7
-1.0688512E7
-9635840.0
-7806976.0
-6895616.0
-7452672.0
-7419904.0
-8519680.0
-7294976.0
-6692864.0
-8605696.0
-8044544.0
-6359040.0
-4771840.0
-4669440.0
-6481920.0
-5621760.0
-5273600.0
-5185536.0
-4950016.0
-8189952.0
-7651328.0
-5683200.0
-5279744.0
-6279168.0
-8140800.0
-6875136.0
-5347328.0
-7827456.0
-8040448.0
-6576128.0
-7284736.0
-6746112.0
-5132288.0
-3823616.0
-3526656.0
-4825088.0
-6346752.0
-5646336.0
-6103040.0
-6471680.0
-6948864.0
-8673280.0
-1.006592E7
-7499776.0
-7116800.0
-4552704.0
-4069376.0
-6596608.0
-4902912.0
-5554176.0
-8474624.0
-8941568.0
-6569984.0
-7589888.0
-5955584.0
-4620288.0
-2588672.0
-1116160.0
-3616768.0
-5804032.0
-7954432.0
-7759872.0
-6799360.0
-5402624.0
-2613248.0
-4356096.0
-9093120.0
-9916416.0
-9005056.0
-9857024.0
-7487488.0
-5748736.0
-6854656.0
-5656576.0
-4124672.0
-6612992.0
-5771264.0
-3905536.0
-3534848.0
-7303168.0
-6578176.0
-7190528.0
-9263104.0
-9183232.0
-1.0203136E7
-7307264.0
-3901440.0
-2521088.0
-3883008.0
-4839424.0
-5732352.0
-5922816.0
-6017024.0
-5857280.0
-6057984.0
-5312512.0
-4204544.0
-5658624.0
-8536064.0
-7335936.0
-6672384.0
-5857280.0
-5160960.0
-4032512.0
-5722112.0
-6131712.0
-5548032.0
-6221824.0
-6156288.0
-5392384.0
-3913728.0
-5267456.0
-5525504.0
-3112960.0
-1890304.0
-2985984.0
-4616192.0
-3885056.0
-3672064.0
-2979840.0
-3520512.0
-4562944.0
-4945920.0
-2897920.0
-1443840.0
-1540096.0
-2631680.0
-4386816.0
-4730880.0
-4427776.0
-3442688.0
-3694592.0
-3164160.0
-6070272.0
-4263936.0
-2783232.0
-3123200.0
-2869248.0
-3522560.0
-4265984.0
-5007360.0
-3663872.0
-2699264.0
-2166784.0
-4233216.0
-3917824.0
-3188736.0
-1820672.0
-2203648.0
-4108288.0
-3905536.0
-2719744.0
-3651584.0
-6332416.0
-7112704.0
-7321600.0
-7155712.0
-5378048.0
-4317184.0
-3594240.0
-3434496.0
-4249600.0
-4354048.0
-4337664.0
-4335616.0
-4116480.0
-4347904.0
-6264832.0
-7899136.0
-8806400.0
-7964672.0
-7794688.0
-5496832.0
-5695488.0
-5523456.0
-4898816.0
-5201920.0
-5959680.0
-5574656.0
-4511744.0
-3975168.0
-5300224.0
-4796416.0
-5187584.0
-4167680.0
-3803136.0
-5703680.0
-6490112.0
-4497408.0
-3182592.0
-2576384.0
-2740224.0
-3420160.0
-1683456.0
-2232320.0
-3260416.0
-5292032.0
-6088704.0
-4620288.0
-4405248.0
-4732928.0
-2404352.0
-2873344.0
-4882432.0
-5597184.0
-4847616.0
-4409344.0
-1552384.0
-3444736.0
-4425728.0
-3485696.0
-2799616.0
-2643968.0
-4020224.0
-3186688.0
-2535424.0
-3287040.0
-2740224.0
-4386816.0
-6021120.0
-6363136.0
-5330944.0
-3629056.0
-4300800.0
-6299648.0
-3743744.0
-3100672.0
-3563520.0
-2711552.0
-4014080.0
-4311040.0
-4800512.0
-4352000.0
-5697536.0
-4878336.0
-2799616.0
-4104192.0
-3239936.0
-2060288.0
-2631680.0
-4093952.0
-2119680.0
-1198080.0
-2476032.0
-1458176.0
12288.0
337920.0
-456704.0
-311296.0
-2127872.0
-4077568.0
-4132864.0
-4599808.0
-7675904.0
-7659520.0
-7038976.0
-5238784.0
-4098048.0
-1732608.0
-2394112.0
-2957312.0
-2666496.0
-2820096.0
-2572288.0
-2863104.0
-2502656.0
-4106240.0
-3100672.0
-2105344.0
-3497984.0
-2799616.0
-3840000.0
-4151296.0
-4075520.0
-3559424.0
-3268608.0
-4438016.0
-4728832.0
-5144576.0
-6305792.0
-8523776.0
-6879232.0
-2273280.0
-4374528.0
-4274176.0
34816.0
-495616.0
-2772992.0
-2179072.0
-2631680.0
-3010560.0
-2729984.0
-1935360.0
-1050624.0
-1472512.0
-3846144.0
-4773888.0
-1867776.0
-813056.0
79872.0
-946176.0
-993280.0
-1562624.0
-643072.0
-989184.0
-466944.0
-1095680.0
-3328000.0
-3438592.0
-139264.0
-233472.0
-833536.0
1040384.0
-83968.0
-3160064.0
-2428928.0
-1126400.0
-231424.0
-2369536.0
-1622016.0
-161792.0
-1554432.0
-1124352.0
141312.0
-319488.0
-354304.0
-538624.0
-1886208.0
-1253376.0
-2484224.0
-2682880.0
-4288512.0
-5300224.0
-5040128.0
-3794944.0
-3637248.0
-2107392.0
-2334720.0
-3559424.0
-4429824.0
-4069376.0
-3063808.0
-4595712.0
-4847616.0
-4771840.0
-4995072.0
-2363392.0
-1398784.0
258048.0
172032.0
-573440.0
1728512.0
1929216.0
-184320.0
-575488.0
129024.0
-565248.0
-579584.0
450560.0
1650688.0
2291712.0
1083392.0
-157696.0
-184320.0
2164736.0
3153920.0
1517568.0
333824.0
1351680.0
870400.0
854016.0
2017280.0
-190464.0
-1255424.0
-1615872.0
-2664448.0
-3074048.0
-1275904.0
-309248.0
2039808.0
1523712.0
-51200.0
-1120256.0
-3741696.0
-4407296.0
-4415488.0
-2818048.0
118784.0
456704.0
258048.0
-577536.0
-1132544.0
821248.0
-200704.0
-3375104.0
-4970496.0
-2908160.0
-2424832.0
-2695168.0
-2230272.0
-1091584.0
-12288.0
329728.0
233472.0
-835584.0
-970752.0
245760.0
985088.0
1165312.0
2750464.0
2863104.0
-106496.0
434176.0
679936.0
-22528.0
1091584.0
661504.0
-51200.0
-1269760.0
-282624.0
174080.0
647168.0
-2023424.0
-1792000.0
-2048.0
731136.0
-499712.0
-331776.0
-389120.0
1239040.0
870400.0
-337920.0
2015232.0
1660928.0
1890304.0
1257472.0
2246656.0
1343488.0
2801664.0
3385344.0
2879488.0
2281472.0
690176.0
-415744.0
-1241088.0
-309248.0
1847296.0
-49152.0
-524288.0
1255424.0
2498560.0
1822720.0
-270336.0
-483328.0
-1425408.0
913408.0
374784.0
1738752.0
4368384.0
5128192.0
3594240.0
1761280.0
804864.0
-337920.0
-411648.0
-239616.0
2615296.0
4190208.0
7553024.0
6901760.0
5015552.0
3184640.0
2934784.0
4339712.0
4069376.0
1505280.0
1048576.0
2191360.0
2344960.0
3012608.0
3084288.0
1896448.0
1263616.0
-462848.0
-1853440.0
57344.0
1458176.0
2392064.0
1566720.0
409600.0
-2498560.0
-2115584.0
-1554432.0
-620544.0
-40960.0
2004992.0
2746368.0
935936.0
-1228800.0
-1161216.0
-1267712.0
-659456.0
751616.0
913408.0
2177024.0
3682304.0
2942976.0
180224.0
866304.0
1122304.0
1585152.0
2217984.0
3145728.0
2625536.0
1802240.0
2230272.0
3571712.0
3897344.0
4265984.0
3024896.0
569344.0
-34816.0
1423360.0
2682880.0
3041280.0
2963456.0
2629632.0
2422784.0
2041856.0
2365440.0
2164736.0
407552.0
-835584.0
-604160.0
1462272.0
3264512.0
2793472.0
-159744.0
1060864.0
3528704.0
3502080.0
4950016.0
2537472.0
249856.0
679936.0
2899968.0
3303424.0
1794048.0
2713600.0
2168832.0
-90112.0
958464.0
4255744.0
5953536.0
4380672.0
2254848.0
2134016.0
3565568.0
2729984.0
3276800.0
5300224.0
6565888.0
6662144.0
6750208.0
6250496.0
3330048.0
1878016.0
4319232.0
5367808.0
4073472.0
4022272.0
3483648.0
3946496.0
4114432.0
4292608.0
2764800.0
2334720.0
2246656.0
831488.0
2465792.0
3090432.0
3241984.0
3233792.0
3084288.0
2965504.0
2746368.0
2664448.0
2189312.0
2869248.0
4521984.0
4720640.0
3747840.0
2297856.0
890880.0
389120.0
141312.0
489472.0
2248704.0
3430400.0
3016704.0
3766272.0
3465216.0
3233792.0
2828288.0
2979840.0
4788224.0
5982208.0
2732032.0
1034240.0
2795520.0
2365440.0
382976.0
1611776.0
4425728.0
4515840.0
3735552.0
1320960.0
751616.0
1011712.0
-2750464.0
-2007040.0
919552.0
1804288.0
3084288.0
1447936.0
-487424.0
-1251328.0
-714752.0
108544.0
1835008.0
3928064.0
2242560.0
-860160.0
395264.0
3424256.0
3284992.0
5789696.0
7745536.0
6152192.0
4511744.0
2482176.0
3350528.0
3692544.0
3313664.0
3805184.0
4091904.0
4022272.0
3962880.0
5437440.0
3272704.0
1837056.0
4655104.0
4495360.0
3479552.0
4241408.0
5931008.0
4296704.0
2228224.0
3999744.0
7475200.0
6334464.0
2783232.0
2220032.0
3489792.0
4974592.0
4982784.0
2738176.0
2838528.0
4792320.0
4200448.0
1341440.0
104448.0
251904.0
1667072.0
3358720.0
2531328.0
2199552.0
1060864.0
186368.0
-755712.0
-823296.0
2686976.0
2924544.0
4311040.0
6334464.0
6551552.0
6588416.0
5431296.0
4530176.0
2248704.0
1404928.0
2220032.0
532480.0
106496.0
1761280.0
3254272.0
5462016.0
4167680.0
4655104.0
4915200.0
4564992.0
5128192.0
2981888.0
2719744.0
4069376.0
3831808.0
3461120.0
2623488.0
4227072.0
4214784.0
3622912.0
4466688.0
4214784.0
3055616.0
2881536.0
2236416.0
4474880.0
4685824.0
5740544.0
7505920.0
6387712.0
5031936.0
2451456.0
2154496.0
3805184.0
4509696.0
3334144.0
2279424.0
1253376.0
864256.0
1789952.0
2942976.0
3268608.0
3403776.0
3977216.0
6588416.0
5971968.0
4188160.0
2934784.0
3782656.0
3803136.0
5130240.0
3987456.0
3719168.0
4241408.0
3532800.0
2918400.0
1961984.0
4040704.0
4550656.0
5232640.0
5226496.0
4970496.0
4857856.0
3954688.0
2467840.0
937984.0
20480.0
-679936.0
-182272.0
1433600.0
3801088.0
2134016.0
-22528.0
806912.0
935936.0
2727936.0
3330048.0
3178496.0
4177920.0
2713600.0
768000.0
2392064.0
2531328.0
-217088.0
1759232.0
2500608.0
1007616.0
3518464.0
6053888.0
4227072.0
1034240.0
2416640.0
3598336.0
4835328.0
6023168.0
5132288.0
3778560.0
2486272.0
2269184.0
2736128.0
3508224.0
4210688.0
3700736.0
3411968.0
2965504.0
514048.0
466944.0
2643968.0
4122624.0
3764224.0
3588096.0
2766848.0
2719744.0
4151296.0
3651584.0
2627584.0
5050368.0
5353472.0
4919296.0
4548608.0
3368960.0
5724160.0
5099520.0
5160960.0
3960832.0
4700160.0
3962880.0
2482176.0
2750464.0
2951168.0
5203968.0
5734400.0
4265984.0
6582272.0
6635520.0
5457920.0
6488064.0
5083136.0
2029568.0
636928.0
2279424.0
1130496.0
575488.0
1576960.0
2297856.0
2787328.0
4282368.0
3856384.0
2152448.0
1005568.0
2025472.0
2508800.0
2875392.0
4712448.0
3981312.0
886784.0
940032.0
1966080.0
2697216.0
4280320.0
4427776.0
3117056.0
3475456.0
5767168.0
4096000.0
3670016.0
3829760.0
4825088.0
6541312.0
5388288.0
2080768.0
1177600.0
3461120.0
3377152.0
2455552.0
1693696.0
968704.0
-1011712.0
-1617920.0
-2609152.0
-845824.0
1480704.0
2164736.0
3389440.0
3821568.0
3033088.0
1617920.0
501760.0
1652736.0
1914880.0
1695744.0
2664448.0
2654208.0
3678208.0
3115008.0
-722944.0
-1419264.0
-501760.0
485376.0
1019904.0
972800.0
2246656.0
1835008.0
3672064.0
2883584.0
856064.0
2021376.0
4272128.0
1828864.0
714752.0
3444736.0
3303424.0
3377152.0
2678784.0
2836480.0
2897920.0
2936832.0
2754560.0
3840000.0
3594240.0
2854912.0
2674688.0
1792000.0
1411072.0
-456704.0
-466944.0
-819200.0
-1024000.0
-1468416.0
-1609728.0
-1212416.0
-1433600.0
-2899968.0
-292864.0
229376.0
-1595392.0
-4800512.0
-3102720.0
-4884480.0
-5754880.0
-2746368.0
-3584000.0
-3342336.0
-3866624.0
-3233792.0
-3391488.0
-2060288.0
-1654784.0
-2668544.0
-3780608.0
-4294656.0
-7456768.0
-1.0037248E7
-1.1743232E7
-1.3850624E7
-1.490944E7
-1.4436352E7
-1.528832E7
-1.6080896E7
-1.6726016E7
-1.6687104E7
-1.7301504E7
-1.9193856E7
-2.0611072E7
-2.2243328E7
-2.194432E7
-2.3744512E7
-2.6533888E7
-2.8073984E7
-3.0021632E7
-3.122176E7
-3.228672E7
-3.4727936E7
-3.9727104E7
-4.0404992E7
-4.1269248E7
-4.2878976E7
-4.4967936E7
-4.7669248E7
-5.0040832E7
-5.3194752E7
-5.415936E7
-5.7434112E7
-6.3166464E7
-6.6238464E7
-7.04512E7
-7.3525248E7
-7.5657216E7
-7.8936064E7
-8.4076544E7
-8.8827904E7
-9.2758016E7
-9.699328E7
-1.00947968E8
-1.05455616E8
-1.07782144E8
-1.11169536E8
-1.15847168E8
-1.19908352E8
-1.24397568E8
-1.2977152E8
-1.35231488E8
-1.41090816E8
-1.48066304E8
-1.52297472E8
-1.56766208E8
-1.64706304E8
-1.70840064E8
-1.7723392E8
-1.84754176E8
-1.91787008E8
-2.00183808E8
-2.07962112E8
-2.13348352E8
-2.2310912E8
-2.31286784E8
-2.38784512E8
-2.47007232E8
-2.5750528E8
-2.67433984E8
-2.76697088E8
-2.8520448E8
-2.937856E8
-3.04459776E8
-3.16090368E8
-3.2520192E8
-3.34403584E8
-3.43650304E8
-3.53230848E8
-3.63993088E8
-3.75400448E8
-3.86123776E8
-3.9913472E8
-4.12547072E8
-4.2417152E8
-4.36217856E8
-4.48681984E8
-4.608E8
-4.72492032E8
-4.87839744E8
-4.99564544E8
-5.13093632E8
-5.28846848E8
-5.42752768E8
-5.56890112E8
-5.72033024E8
-5.85783296E8
-5.99535616E8
-6.15839744E8
-6.31261184E8
-6.46524928E8
-6.6322432E8
-6.7879936E8
-6.94335488E8
-7.08907008E8
-7.27742464E8
-7.44239104E8
-7.6237824E8
-7.8036992E8
-7.9659008E8
-8.15497216E8
-8.33845248E8
-8.5060608E8
-8.68896768E8
-8.88346624E8
-9.06416128E8
-9.2644352E8
-9.46296832E8
-9.65152768E8
-9.84500224E8
-1.002928128E9
-1.022164992E9
-1.041364992E9
-1.060872192E9
-1.081462784E9
-1.102485504E9
-1.123223552E9
-1.143095296E9
-1.165232128E9
-1.186033664E9
-1.207123968E9
-1.227800576E9
-1.24964864E9
-1.271595008E9
-1.294327808E9
-1.31629056E9
-1.336653824E9
-1.359366144E9
-1.381511168E9
-1.402202112E9
-1.425373184E9
-1.447510016E9
-1.469437952E9
-1.490542592E9
-1.510801408E9
-1.533691904E9
-1.557049344E9
-1.578754048E9
