# File created = Tuesday, December 3, 2024 at 12:23:03 PM Greenwich Mean Time
# Data set = 2024-11-26-AH-GLC-12  180  1  /Users/alexhill/Downloads/2024-11-26-2024-11-26-AH-GLC-NMR/2024-11-26-2024-11-26-AH-GLC-NMR
# Spectral Region:
# LEFT = 16.239290237426758 ppm. RIGHT = -3.8892911404150006 ppm.
#
# SIZE = 8192 ( = number of points)
#
# In the following ordering is from the 'left' to the 'right' limits!
# Lines beginning with '#' must be considered as comment lines.
#
-4302336.0
740352.0
7266304.0
4486144.0
305664.0
2169344.0
1245184.0
1260032.0
-7479296.0
-1.2378624E7
-6690304.0
-6697984.0
-7663104.0
-4019200.0
1173504.0
3851776.0
-283648.0
1411072.0
9310208.0
4587008.0
-519680.0
144384.0
1027072.0
3291136.0
1374208.0
-5442048.0
-8145408.0
-1827328.0
902656.0
3825152.0
5044224.0
122880.0
-2682880.0
691712.0
3931136.0
-2668544.0
-2584064.0
-12288.0
2425344.0
-2943488.0
-3333120.0
239104.0
-2639872.0
-761856.0
-640000.0
4111360.0
-2295296.0
-8299008.0
-7019520.0
-7712768.0
-7083008.0
1293312.0
1.0271232E7
1.3944832E7
1.4016512E7
3081728.0
-6892032.0
-6885888.0
-4354048.0
-1461760.0
2103296.0
-5964800.0
-5063680.0
3042816.0
4499968.0
6134272.0
2811904.0
-3014144.0
-1524736.0
6335488.0
4964864.0
-1351168.0
811520.0
-6289408.0
-1.4256128E7
-1.8198528E7
-1.3941248E7
-3794432.0
-1623552.0
-3723264.0
-4506112.0
-963072.0
-305152.0
3032064.0
1737728.0
2332160.0
6517760.0
4342784.0
-722432.0
5586944.0
-927744.0
17408.0
6539264.0
2241024.0
4668416.0
2359296.0
-161792.0
3466240.0
818688.0
-2076672.0
-3849216.0
-1051136.0
-5641216.0
-5883904.0
1081856.0
-2688512.0
1771520.0
-761344.0
-4316672.0
-5065728.0
-1.0061824E7
-7014912.0
464384.0
2520064.0
2524160.0
1656832.0
8900096.0
7604224.0
1304576.0
487936.0
-55808.0
-396288.0
-2798592.0
7113728.0
7287808.0
-555520.0
5069312.0
8017920.0
555520.0
-666624.0
1981440.0
-164352.0
-1.054976E7
-4617728.0
-564224.0
1701888.0
3782144.0
-9938432.0
-1.586688E7
-6635520.0
1819136.0
3781120.0
3181568.0
2029568.0
-5861376.0
-1.558272E7
-1.6425472E7
-1.4622208E7
-1.2417536E7
-5035008.0
3335168.0
-2818048.0
-5813760.0
-3375616.0
5835264.0
6485504.0
1818624.0
3173888.0
1.1500544E7
1.449472E7
1.3983744E7
1.0518528E7
-318464.0
-1357312.0
2415616.0
-5780480.0
-2266112.0
-7601152.0
1320960.0
3240448.0
2771968.0
3331072.0
8549376.0
8655360.0
2926592.0
4168704.0
-3174400.0
-8712704.0
-1.3321728E7
-7680512.0
-1.2278272E7
-4019200.0
-3613184.0
-2227200.0
-4601856.0
-37376.0
6926336.0
5779456.0
1284608.0
2422272.0
-2870784.0
-7284224.0
-8359424.0
-2542080.0
3688448.0
-3291648.0
1941504.0
2437120.0
-1681920.0
3069440.0
6952960.0
4237824.0
-1517568.0
-8504832.0
-8138240.0
3936256.0
1.0194432E7
1.3512704E7
9698304.0
-46080.0
-6323200.0
-9350656.0
-5560832.0
-6609408.0
-6647808.0
-7341568.0
-7567872.0
512.0
-4713472.0
-3887104.0
-3104768.0
-699392.0
-649728.0
-6480384.0
-3790848.0
-7984128.0
-8421376.0
-1.2272128E7
-1.1255296E7
-5988864.0
-1160192.0
1.02272E7
4384256.0
4538368.0
4032512.0
-8233984.0
-1.5571968E7
-7777792.0
-8719360.0
-1.0776064E7
-9883136.0
-5825024.0
859136.0
402432.0
-3202048.0
-2570240.0
-1660416.0
-582144.0
5398016.0
-1709568.0
-4910592.0
-301568.0
5632512.0
1478144.0
3851264.0
231936.0
-4641792.0
-801792.0
3810816.0
1916928.0
4189696.0
2439168.0
479232.0
1395200.0
-1028608.0
-2757120.0
3986432.0
5883392.0
6200320.0
-999424.0
-625664.0
-1228288.0
-2269696.0
-1308672.0
-3644416.0
-6112768.0
-1235968.0
-1212416.0
-4374528.0
-3225088.0
1088000.0
1.500928E7
2.0060672E7
1.6438272E7
2326016.0
2804736.0
3468800.0
-3688960.0
162816.0
6263296.0
8298496.0
5189120.0
2259456.0
8570368.0
5086208.0
2011136.0
-231936.0
-920576.0
-4908032.0
-2908160.0
-2363392.0
1434112.0
-1350144.0
799744.0
-4589568.0
-2552320.0
1937408.0
-1921536.0
-1922048.0
-8713728.0
-1.2235264E7
-8307200.0
-4468736.0
1632256.0
7658496.0
1974784.0
5254144.0
4742656.0
-3441664.0
-5340160.0
-8832000.0
-900608.0
2054144.0
634368.0
3843584.0
1808896.0
4097024.0
3501056.0
-5507584.0
-9009152.0
-8652288.0
-5415936.0
1179136.0
3352064.0
579072.0
3206656.0
1.3007872E7
1.4939648E7
1.0679296E7
1.3340672E7
1.147648E7
4095488.0
1833472.0
-969728.0
3211776.0
5581824.0
1.1305472E7
4495872.0
-4583936.0
-1.212928E7
-1.4106624E7
-1.5118848E7
-9234432.0
-2279424.0
-1547264.0
-5330944.0
-610816.0
6521856.0
6882816.0
-462336.0
-4307456.0
-5999616.0
-8004096.0
2551808.0
4592128.0
-5502976.0
-884736.0
6142976.0
9737728.0
7729152.0
1446912.0
-453632.0
-8773632.0
-1.150208E7
-1.2653568E7
-5736960.0
-997376.0
-2164224.0
-3532288.0
-1.3597184E7
-1.9357696E7
-8863744.0
-651776.0
4958720.0
3222528.0
2914816.0
2031104.0
-6942720.0
-3037696.0
-5998592.0
-1.0893824E7
-9188864.0
-1231360.0
8044032.0
6131712.0
3270144.0
2375168.0
2063872.0
3632128.0
5320704.0
8798720.0
5134848.0
1614848.0
1316864.0
2781696.0
4417536.0
183808.0
-4043776.0
-2518528.0
5493248.0
907264.0
-6204416.0
-1.4733312E7
-8378880.0
-7479296.0
-2735104.0
3933184.0
435200.0
-3369472.0
-2610688.0
48640.0
5692928.0
1540608.0
4675584.0
1.0845184E7
8382976.0
1490944.0
102912.0
-3699200.0
-8695808.0
-1928704.0
-4878848.0
-7328256.0
2700288.0
4849152.0
-4080128.0
-4794880.0
1176064.0
1784320.0
3998208.0
9911808.0
2856960.0
-354816.0
-4235264.0
-1608192.0
2324480.0
8726528.0
33280.0
-6276608.0
-2371584.0
-151552.0
-8108544.0
-6001664.0
2368512.0
5446656.0
1.0402816E7
7083520.0
1203200.0
6614528.0
8829952.0
2633216.0
1286144.0
8815104.0
8693248.0
-793088.0
-4108800.0
-405504.0
6299136.0
1229824.0
-2108416.0
3006464.0
7463936.0
9785856.0
1.1743232E7
9625600.0
4988416.0
-1116160.0
-5151232.0
-1.304832E7
-6454784.0
-4287488.0
-9453056.0
2305536.0
1.1177472E7
1.3050368E7
3780608.0
7432192.0
5021184.0
-3571712.0
3582976.0
-47616.0
-3041792.0
328704.0
-637440.0
2896384.0
-1029120.0
360448.0
1351680.0
1625600.0
1551360.0
-7061504.0
-3082752.0
-1327104.0
1075200.0
6487552.0
5915648.0
2285056.0
5227520.0
-1126912.0
-2162688.0
-1879552.0
1858048.0
4443648.0
-1.131008E7
-1.3770752E7
-9755648.0
-2774016.0
-1.0405888E7
-1.1961344E7
7588864.0
1.384704E7
5718528.0
436736.0
1639424.0
-8003584.0
-2272256.0
3985408.0
7473152.0
-2821120.0
-6337024.0
-545792.0
-2911232.0
-9417728.0
-5281280.0
-1084416.0
-4384768.0
-3917824.0
-2200576.0
-5859840.0
-9361408.0
-5974528.0
-6216192.0
-1430528.0
1018880.0
-3975680.0
-6690816.0
2585600.0
1847808.0
-8231424.0
-6001152.0
196096.0
8405504.0
1747456.0
-3458048.0
-134144.0
-1569280.0
6739968.0
-2886656.0
-51200.0
993280.0
1530368.0
-769024.0
-321536.0
-5434880.0
-2648064.0
4667904.0
-5889024.0
-1.2448256E7
-8610304.0
-4734464.0
-1104384.0
-1230336.0
-3851264.0
-3575296.0
-3993088.0
-4314112.0
-3664384.0
-3146752.0
-1.0978816E7
-1.4486016E7
-1.0971648E7
-1815040.0
-1749504.0
-6469632.0
-7472128.0
-431104.0
-44544.0
-4996608.0
-1167872.0
3553792.0
4219904.0
5191680.0
-81408.0
-5278208.0
-4775424.0
-6537728.0
-1.4422016E7
-6705152.0
-1994752.0
-4657152.0
-1977856.0
4020736.0
2567168.0
4727808.0
8368128.0
-4648448.0
-2527744.0
3643392.0
-6301184.0
-9500672.0
-2438144.0
5366272.0
8707584.0
7740928.0
5277184.0
-2536448.0
-6689792.0
-4058624.0
-3333632.0
-3139072.0
-1798144.0
6125056.0
4871168.0
-1.042688E7
-1.4681088E7
-1.637632E7
-1.2589568E7
-4208640.0
5331968.0
6871040.0
-1125376.0
-1172480.0
6841344.0
-2505728.0
-3817472.0
-248832.0
4341248.0
1911296.0
-4519936.0
-9305088.0
-1.4909952E7
-8166400.0
-4809216.0
-140288.0
74240.0
5145088.0
3584000.0
-1458176.0
-1.2011008E7
-1.2841472E7
-8620032.0
-7041024.0
-6334976.0
-2037248.0
-5164544.0
-5087744.0
-1644544.0
-1.2118016E7
-1.1188224E7
-7571456.0
2075648.0
4471808.0
3026944.0
6557696.0
-2509312.0
-2917376.0
-2149376.0
-8236544.0
-1.4473728E7
-1.3463552E7
-1.2182528E7
-8639488.0
-6799872.0
-429056.0
7326208.0
6761984.0
4512256.0
7820288.0
1.0523136E7
1.0753536E7
3826176.0
-7352320.0
-8222720.0
2644480.0
5625856.0
4367360.0
4611584.0
-130560.0
1.2627968E7
5413888.0
762880.0
-5967872.0
-8548864.0
-1443840.0
2973696.0
1724928.0
-2921984.0
1457664.0
4417024.0
-4076032.0
1240064.0
2502144.0
-3066880.0
-6912000.0
-8166400.0
-3831808.0
-1219584.0
-1.137152E7
-1.4933504E7
-1.3092352E7
-1422336.0
1101312.0
2391040.0
9085440.0
1.1283456E7
9569792.0
-3174400.0
-5971456.0
-1.2031488E7
1541632.0
3245056.0
-1346560.0
1268224.0
-3942912.0
24576.0
6496256.0
1.1150848E7
1.7711104E7
1.4406656E7
8930304.0
-5012992.0
-6048768.0
562688.0
-2067456.0
-6416896.0
676352.0
1526272.0
7797248.0
1.0744832E7
4548608.0
5624320.0
8145408.0
-390656.0
-980992.0
-6870528.0
-5794816.0
4872704.0
1751552.0
-3465216.0
-5045760.0
-2415616.0
-3042816.0
-1960960.0
-1.4713344E7
-1.8280448E7
-1.1091456E7
-8881152.0
4855296.0
1283584.0
-2515968.0
4604416.0
5342720.0
-3096576.0
-9208832.0
-9832448.0
-5956096.0
-6873088.0
-1.7454592E7
-1.2663296E7
-3143168.0
734208.0
1693184.0
8732160.0
3261440.0
7769088.0
1.0048512E7
8919552.0
2601472.0
-2159104.0
-3227136.0
-1625600.0
-7840768.0
-1.275904E7
-6009856.0
-31744.0
-582144.0
-1629184.0
1496576.0
3806208.0
7207936.0
8607744.0
9651200.0
2208256.0
2299904.0
-5685248.0
-1.1282944E7
2038272.0
-787456.0
-1988608.0
4493824.0
3371520.0
-1521152.0
3575296.0
8809472.0
6449152.0
-376320.0
-4308992.0
-185344.0
699904.0
-1707008.0
6522368.0
5092864.0
6884352.0
6765056.0
3543552.0
6821376.0
3257344.0
-2888192.0
-1.41696E7
-1.6064E7
-1.0686464E7
-3733504.0
1124352.0
4617216.0
8555008.0
5400064.0
-3544064.0
-3436032.0
3229184.0
9718272.0
5124096.0
9099264.0
8590848.0
339456.0
-250880.0
1.61024E7
2.6235904E7
2.1153792E7
471040.0
-1967616.0
5838336.0
9947136.0
9174528.0
3812352.0
4886528.0
5533696.0
-1138176.0
-4859392.0
-172032.0
479232.0
354304.0
-3199488.0
633856.0
3616768.0
-944640.0
-4308480.0
-7275008.0
-440832.0
7054336.0
9107456.0
-3479040.0
-1.0500608E7
-3156480.0
-4688384.0
-3339264.0
-3824640.0
-5234176.0
-6224384.0
-4975104.0
-1.138944E7
-1.336832E7
-8452096.0
-1331712.0
-1850368.0
5401600.0
8710144.0
199168.0
779776.0
-3092480.0
-2951680.0
-2071040.0
2416128.0
7364608.0
7743488.0
9580544.0
-4314624.0
-2313216.0
5244928.0
6888448.0
3852800.0
7069696.0
4313600.0
875008.0
1286656.0
-3241472.0
-4028416.0
2587648.0
4390912.0
1054208.0
5770752.0
2001920.0
860160.0
6089728.0
1.0906624E7
5758464.0
1.04192E7
1.0521088E7
-3116544.0
-4857344.0
2810880.0
-745984.0
-2492928.0
-562688.0
-693248.0
-270848.0
966656.0
266752.0
-8295424.0
-4432896.0
1195008.0
-739840.0
-3784704.0
-1821696.0
2541056.0
6059008.0
2819072.0
-1.1173376E7
-8950784.0
-5046784.0
-2230272.0
-1136640.0
-2961408.0
4896256.0
8723968.0
5090304.0
7407616.0
6311424.0
2024960.0
2220544.0
2734592.0
4697600.0
3542016.0
1980416.0
-715264.0
4736000.0
2294272.0
-1.0445824E7
-9084928.0
-1250816.0
-4291584.0
-1422848.0
1985024.0
686080.0
6409216.0
6422528.0
1584640.0
1818112.0
1954304.0
751616.0
5275648.0
-254464.0
-997376.0
-7205376.0
-1.6894976E7
-1.1559936E7
-6684672.0
-2640384.0
-1414656.0
-1328640.0
-1050112.0
-1896448.0
-2557440.0
-516096.0
582144.0
-2764288.0
1329664.0
4897280.0
8267264.0
7404544.0
8227328.0
2012160.0
5202432.0
1347584.0
-4132864.0
-3290112.0
-5147648.0
-3129344.0
-2746880.0
4345344.0
1477120.0
941568.0
-584704.0
-6386176.0
-7589888.0
-2311680.0
-2219008.0
-2712064.0
-1.1181568E7
-1.2350464E7
-4242432.0
-2911232.0
3808768.0
8475648.0
-2150912.0
-1140224.0
8080384.0
1.6560128E7
1.8938368E7
1.0277888E7
1900032.0
340992.0
7661568.0
6366720.0
-168960.0
1798656.0
7567872.0
1.4329344E7
3704832.0
1105920.0
1006080.0
-8068608.0
-1.4749696E7
-9370624.0
-1.0023424E7
-1.03936E7
-9632256.0
-1.1074048E7
-6789632.0
-1.6875008E7
-8632320.0
-1409536.0
-1810432.0
-5527552.0
-1.2583424E7
-5558784.0
1445888.0
-376832.0
-3683328.0
-1.0800128E7
-7919616.0
-2106368.0
-4474880.0
913408.0
4452352.0
-3912192.0
-6591488.0
-6225408.0
5351424.0
446464.0
-8641024.0
-1772032.0
2306560.0
2486784.0
1676800.0
7044608.0
4854784.0
-657408.0
-151040.0
1004032.0
-5649920.0
-2656256.0
-2031104.0
-2042368.0
1542656.0
-337408.0
-3173376.0
-1318912.0
-812544.0
-5701632.0
-1323008.0
-4714496.0
-6605824.0
-4552192.0
-1.1758592E7
-1.3042176E7
-1.0674176E7
-1.0384384E7
-4318208.0
-6869504.0
-8366080.0
-5989376.0
8099328.0
1.574656E7
1.2712448E7
515584.0
-2156032.0
-382976.0
1880064.0
7058944.0
2801664.0
608768.0
-4580864.0
-5769728.0
-6074368.0
-6395904.0
-9303552.0
-7945216.0
-4868608.0
627712.0
2300416.0
1429504.0
8344576.0
6934528.0
990720.0
-1430016.0
-1255936.0
2901504.0
1415680.0
-1173504.0
-9124352.0
-7467008.0
-1985536.0
-5112320.0
-1.3216768E7
-7204864.0
-429568.0
-2553344.0
4446208.0
1.0116608E7
8179200.0
7159808.0
-1781760.0
-3402752.0
4163072.0
3303424.0
-4183040.0
-4029952.0
1012224.0
3693056.0
4369920.0
2681344.0
1.0352128E7
1.6508416E7
1.2294144E7
7462400.0
486912.0
1314816.0
2712576.0
295424.0
4868096.0
6848512.0
-1161728.0
-5394432.0
-3691008.0
-3048960.0
-3966976.0
1942016.0
-1570816.0
-4165120.0
2596864.0
2206720.0
-3859968.0
-2507264.0
1484800.0
-7137792.0
-5924352.0
-24064.0
-87552.0
-6815232.0
-9174016.0
-4961792.0
2574848.0
-611840.0
-3458048.0
-3311104.0
680960.0
-2844672.0
-1.4803968E7
-1.4040576E7
-1.0756608E7
-1.1802624E7
-1005568.0
5019648.0
6185984.0
1.1281408E7
1.610496E7
9375232.0
3221504.0
407552.0
1.1141632E7
1.3532672E7
-1385472.0
-1.2539392E7
-1.9193856E7
-7162880.0
-374784.0
4155392.0
6732800.0
2974720.0
528896.0
761344.0
-1054720.0
-1452544.0
8827904.0
1.1088384E7
9797120.0
-4219392.0
-4926976.0
-876032.0
4375040.0
1731584.0
-4902400.0
3603456.0
3879936.0
5392384.0
4940288.0
-2409472.0
-1394176.0
-4846592.0
-9396736.0
4294656.0
4256768.0
-418304.0
3300352.0
172544.0
-1.022976E7
-5901824.0
613888.0
4371968.0
-6777856.0
-7157248.0
-3324928.0
-1832960.0
-2580992.0
-2787840.0
-5925376.0
694272.0
1.1156992E7
9525760.0
3031040.0
2463232.0
6321152.0
-162304.0
-4677632.0
-1953792.0
-3073536.0
-545280.0
2247168.0
1.6431616E7
1.618432E7
1.447168E7
9354240.0
3499008.0
-2035712.0
-1.1700736E7
-1.039104E7
-4919808.0
2510848.0
-7896576.0
-4566016.0
1325056.0
3585024.0
1.075456E7
1.727232E7
1.7211392E7
1.0548224E7
2388480.0
1842176.0
-2610688.0
3244544.0
3100672.0
-6914048.0
-7194624.0
-4881920.0
1106944.0
4771840.0
-933888.0
-1745408.0
-3703808.0
-2065408.0
2116608.0
3108864.0
5096960.0
1.4977536E7
1.7833984E7
1.93152E7
1.2351488E7
7842816.0
3945472.0
-5521920.0
-9506816.0
1435136.0
1.1174912E7
1.5545344E7
5528064.0
-3717120.0
-6093312.0
-8536576.0
-4813824.0
2731520.0
-249344.0
-3960832.0
-2871296.0
594432.0
4750336.0
4478976.0
-3378176.0
220672.0
9480192.0
6108160.0
1429504.0
-8662528.0
-3146752.0
-2887680.0
-1660416.0
75264.0
1413632.0
-2228736.0
6389248.0
7601152.0
7490048.0
1.0107904E7
6082560.0
-2911744.0
-594432.0
-774656.0
-6386688.0
-1.1442176E7
-8848896.0
-8096768.0
-6799360.0
-3105280.0
-7387648.0
-1051648.0
1117696.0
3189248.0
5279744.0
4706816.0
2203648.0
-5724160.0
-1.3627392E7
-1.490432E7
-9002496.0
-1.0344448E7
-6754304.0
-6854656.0
-8301568.0
-5060096.0
-3587072.0
-2482688.0
1494016.0
5383680.0
6434816.0
1775616.0
1.0751488E7
1.6008192E7
1.5961088E7
2.0933632E7
1.4818816E7
-1694720.0
-5954560.0
6480896.0
8808448.0
7908864.0
1.3725184E7
1.1330048E7
-4302848.0
-5910016.0
-680448.0
6745600.0
2216960.0
2689024.0
4487168.0
5230080.0
4106240.0
1960448.0
6804992.0
3309056.0
4468736.0
7065600.0
-874496.0
6192640.0
6302720.0
1.1210752E7
4197888.0
-5552128.0
-6157824.0
3992576.0
3799040.0
3788800.0
3755520.0
-739328.0
2923008.0
9326080.0
4876288.0
-4644864.0
-4388352.0
1919488.0
6360064.0
3757568.0
8924672.0
4602880.0
-3965952.0
-6623232.0
-1.0151424E7
-5534208.0
1275904.0
1043968.0
6697472.0
1413120.0
499200.0
-1.004288E7
-9925632.0
-8786432.0
-7790080.0
-51200.0
2450944.0
3351040.0
2621440.0
303104.0
-9392128.0
-8210944.0
880128.0
1680896.0
1998848.0
1051648.0
1307648.0
9262080.0
1.2455424E7
7330816.0
1.1790336E7
1.0285056E7
7894528.0
4769792.0
5029376.0
3509248.0
-2787328.0
-1099776.0
8502784.0
1.1012096E7
4226048.0
-1654784.0
471552.0
-3365376.0
-1.4642176E7
-1.8704896E7
-1.1447296E7
2398208.0
2931200.0
712704.0
9182720.0
8631808.0
-5780480.0
-7374848.0
-5502464.0
-8346112.0
-1.3903872E7
-7876096.0
4931072.0
5877760.0
-4385280.0
-4122112.0
-1.2649984E7
-1.1915264E7
-8652288.0
-1.7181696E7
-1.2187648E7
-2808832.0
166400.0
-93184.0
-1.266688E7
-1.3496832E7
-6646272.0
-1.4163456E7
-1.059328E7
-5483008.0
1988096.0
-1559040.0
-3500032.0
-1823232.0
2014720.0
-5840384.0
-1.2137472E7
-216064.0
4626944.0
4107264.0
-3048448.0
-3176960.0
-6031360.0
-7566848.0
-829952.0
1265152.0
1573376.0
-1274880.0
-3963392.0
-2348032.0
-2611200.0
-8337920.0
-8453632.0
-6308864.0
-1616896.0
1286144.0
65536.0
1449984.0
-4155904.0
-1137664.0
2853376.0
-5253120.0
-1.0276352E7
-9651200.0
-9856512.0
-3645952.0
-2682368.0
-468992.0
4060160.0
5256704.0
1032704.0
-4508160.0
-4528640.0
3573248.0
5214208.0
6836736.0
2750976.0
-3790336.0
-6867968.0
-3132928.0
2827776.0
8079360.0
5618688.0
55808.0
1.3364736E7
1.9118592E7
1.600768E7
7550976.0
-4663296.0
-3433984.0
-6008832.0
-1808384.0
-2217984.0
-6109184.0
-7258624.0
-1.0427904E7
1962496.0
1045504.0
1607168.0
4235776.0
8887808.0
677376.0
-3797504.0
-1110016.0
-8373760.0
-1.1844096E7
-1.2327936E7
-1.577472E7
-1.0186752E7
-7803392.0
-1104384.0
393216.0
-2984448.0
-1.1470848E7
-1.7846784E7
-1.4351872E7
-1.0996736E7
-1.0303488E7
-1.3559296E7
-8182784.0
2674176.0
-4262400.0
-1027584.0
-821760.0
-892416.0
-3883520.0
-599552.0
2364416.0
-3935232.0
210944.0
-1137152.0
-3310080.0
-6269952.0
-5990400.0
-1042944.0
-426496.0
-1324544.0
9390080.0
2284032.0
-8526336.0
4218880.0
1.1731968E7
1965056.0
-1192448.0
-843776.0
-1247744.0
-4779008.0
-6725120.0
-6894080.0
-4270592.0
-5029888.0
2117632.0
6861824.0
9063936.0
6817280.0
8541696.0
-4621824.0
-8041984.0
2437632.0
4349952.0
-8023552.0
-5870080.0
-4772352.0
-799744.0
6333952.0
1.1649024E7
1.033472E7
1502720.0
4223488.0
8214016.0
297472.0
4475392.0
1327616.0
-4059648.0
-2430464.0
-398336.0
-2378752.0
-6895616.0
-3988480.0
658432.0
6041600.0
-76288.0
6496768.0
6391296.0
7325696.0
3292672.0
1.0372608E7
6213632.0
-4829184.0
-2281472.0
2103808.0
3373056.0
932864.0
-1.1600896E7
-5540864.0
-792576.0
5509632.0
2215936.0
4936192.0
1596928.0
-8847360.0
-8081920.0
-1963520.0
1131520.0
9221632.0
1.7890304E7
1.2010496E7
6447104.0
1253376.0
-4564480.0
-6249984.0
-5795840.0
-3105792.0
1.2844032E7
1.3615104E7
2082304.0
-1074176.0
-5147136.0
-5103104.0
-5745664.0
5682176.0
6961152.0
6200832.0
1.4087168E7
7363072.0
7916032.0
-6142464.0
-1.065728E7
-5712384.0
937472.0
-1522176.0
-4610560.0
-6302720.0
-1280000.0
2227712.0
-3197952.0
-2647552.0
961024.0
2200576.0
1041408.0
-7996928.0
-1356288.0
-480256.0
-1155584.0
-905728.0
1075712.0
1413120.0
-3765248.0
2025984.0
6211072.0
1.1853824E7
2325504.0
6407680.0
4037632.0
-5416448.0
-6837760.0
-7237120.0
-5168128.0
-4461568.0
-7436288.0
-2181632.0
4553728.0
2393600.0
4175360.0
1417728.0
-518144.0
-4391424.0
-8274432.0
-9367040.0
-464896.0
1392640.0
2840064.0
-1678336.0
516096.0
7413248.0
4726784.0
1100288.0
-6596608.0
1593344.0
6643712.0
-557056.0
-4167680.0
-1.3602304E7
-1.2676096E7
-3680256.0
-4975104.0
-1.20832E7
-6153216.0
-4101632.0
-4496896.0
-4569088.0
-1.0172416E7
-8303616.0
-3999744.0
-1625600.0
2932224.0
2726400.0
2537472.0
5481472.0
4273152.0
6836224.0
-3579904.0
-1.040128E7
-2796544.0
1672704.0
2080256.0
4581376.0
-2471936.0
1876992.0
-1992704.0
-5404160.0
-1.0970112E7
-711168.0
1326080.0
-2028032.0
-196096.0
2054656.0
1066496.0
-4498432.0
-3339264.0
-5466624.0
-9733632.0
-7052288.0
-1922048.0
1024000.0
2710016.0
-904704.0
-2587136.0
2762752.0
-470528.0
-1.2164096E7
3510272.0
1.5932928E7
1.377536E7
1145856.0
-3933184.0
-2862592.0
-5067264.0
-4751872.0
-3858944.0
2553344.0
5065728.0
-1088512.0
-595456.0
9305600.0
8011776.0
9729536.0
1.8519552E7
9889280.0
5030912.0
8379392.0
8774144.0
7002112.0
-1457152.0
-6318592.0
1669120.0
1077248.0
8895488.0
8914944.0
8034304.0
3528192.0
9189888.0
2233856.0
-1.1073536E7
-1.4217216E7
-7966720.0
5525504.0
6675456.0
5298176.0
3554304.0
-1757696.0
-1235456.0
2430976.0
572928.0
-950272.0
-88576.0
-1776640.0
-7124480.0
-6252544.0
-1.057024E7
-3814400.0
6852608.0
5520896.0
-6999552.0
-4629504.0
-4128256.0
-3847168.0
-2790400.0
-270336.0
3013120.0
3398656.0
161280.0
-2533888.0
2126336.0
1326080.0
-7941120.0
-1.1989504E7
2391552.0
4421120.0
2913792.0
8210944.0
5126144.0
2034176.0
-3171840.0
2464768.0
1.4951936E7
2.2974464E7
2.477056E7
2.1952E7
1.042176E7
1884160.0
1231872.0
-1929216.0
2713600.0
3780096.0
2370048.0
1945088.0
-5304320.0
-9081344.0
-9129472.0
-3053568.0
-1374720.0
1339904.0
-9243648.0
-1.8526208E7
-9685504.0
-8260608.0
-1.0971648E7
-6419968.0
-4136960.0
-2546176.0
3593728.0
850432.0
-5137408.0
-4310016.0
-5967872.0
-1.1813376E7
-2497024.0
-2112512.0
-6159872.0
4867072.0
8991744.0
8778752.0
7079936.0
2632704.0
911360.0
408064.0
2004992.0
8130048.0
2666496.0
-1277440.0
3463168.0
4962304.0
1.795328E7
1.4248448E7
1.5271424E7
1.0356736E7
143360.0
-2203648.0
-7812608.0
-9443840.0
-3969536.0
1083392.0
-4006912.0
-1.0166272E7
-7691264.0
3606016.0
1310208.0
412160.0
1623040.0
6331392.0
1.2041216E7
7597568.0
1.0561536E7
3915264.0
-1973248.0
2091008.0
9429504.0
1603072.0
-2375168.0
4073984.0
360448.0
2044928.0
4948480.0
8638464.0
1.0876928E7
1.6274944E7
7145984.0
4822528.0
-1245184.0
-9920000.0
-3731456.0
-4007936.0
-6292480.0
-1890304.0
-4665856.0
-1057280.0
7850496.0
3738112.0
4019712.0
4808704.0
6346240.0
5680640.0
-221184.0
-207360.0
8590336.0
9058816.0
4946944.0
158720.0
4006912.0
1963008.0
-4581888.0
5632.0
5019136.0
5832704.0
7494144.0
4677632.0
-1380864.0
-970752.0
-2219008.0
-1717248.0
-1990656.0
-5093376.0
2782720.0
361984.0
2930688.0
5764608.0
4066816.0
7866880.0
5505024.0
6658560.0
2495488.0
1372672.0
-517120.0
-1554432.0
5479936.0
1.3536256E7
1.0299392E7
1242624.0
-6428160.0
-4212224.0
6478336.0
7515136.0
2998784.0
6321664.0
5112320.0
4666368.0
8680960.0
4213760.0
5089792.0
4848640.0
-6917632.0
-1492480.0
2847744.0
6259200.0
-2686976.0
-6231552.0
823808.0
1.1383296E7
1.016576E7
9745408.0
7937536.0
437760.0
-6814720.0
-6304768.0
4127744.0
3811328.0
2505728.0
-779776.0
5401600.0
1.544192E7
1.4097408E7
4244992.0
8800256.0
1.411328E7
1.1644416E7
8373760.0
4445696.0
2479104.0
5485568.0
-4935680.0
-1.1789824E7
-2.4448512E7
-1.8420736E7
-1.196544E7
-7175168.0
-27648.0
7643648.0
8310784.0
6173696.0
6003200.0
5311488.0
3211776.0
-3010560.0
-6588416.0
590848.0
3581952.0
3049984.0
5441024.0
5732352.0
2251776.0
-8234496.0
-6091776.0
-7610880.0
-3790336.0
-2563584.0
-1373696.0
-3490816.0
-1.1549184E7
-1.0933248E7
-9351680.0
-9302528.0
-6366720.0
-1.270272E7
-1.3571072E7
-4855808.0
4283392.0
1.3078016E7
1.85728E7
8752128.0
-318464.0
6825472.0
4902400.0
2734592.0
-1656320.0
-6177280.0
-2742784.0
-6202880.0
-7016960.0
-3374080.0
3092480.0
2635776.0
-1853440.0
1626624.0
1.140224E7
1.64224E7
7237120.0
-1526784.0
-4697600.0
1690112.0
6069248.0
4073984.0
1.0229248E7
-1916416.0
-255488.0
4715520.0
1000960.0
3062272.0
8151040.0
770048.0
-2080256.0
4243456.0
233984.0
-664064.0
-2294784.0
-1.00992E7
-1.408768E7
-1.261056E7
-8890880.0
-1.9352064E7
-2.0865536E7
-1.3083648E7
-6903808.0
-2079744.0
-5856256.0
-5023232.0
-3321856.0
4531712.0
3045888.0
1489408.0
1308160.0
-1882624.0
-8399360.0
-1.1733504E7
-1.2125696E7
-4481024.0
4127232.0
1.1208192E7
8613888.0
-666624.0
-2224128.0
4407808.0
5711872.0
3051520.0
2180608.0
9195008.0
8670208.0
4252672.0
-2516480.0
-1947136.0
6390784.0
-2486784.0
-3009024.0
-3494400.0
986624.0
4232192.0
-3502592.0
-8905216.0
-5972480.0
9982464.0
8726528.0
1.1706368E7
1.275904E7
3435008.0
-4202496.0
-5242880.0
4487680.0
6052864.0
1.178624E7
1.5227392E7
1.1133952E7
9707008.0
-694272.0
-1020928.0
-2882560.0
-2800640.0
1271296.0
4994048.0
2512384.0
-838656.0
3296768.0
7107072.0
-899072.0
-5273088.0
-2275840.0
-5087744.0
-1355264.0
1436160.0
6721024.0
3704832.0
7598592.0
4571136.0
-978944.0
1701888.0
6650880.0
5726208.0
-1572352.0
-5881856.0
-474624.0
-5160960.0
-2897920.0
-2287616.0
-5544960.0
-4616192.0
-155648.0
-1125888.0
5583872.0
9438208.0
-1623552.0
-1443840.0
-3539456.0
-1097216.0
7121408.0
2015744.0
-3177472.0
-6861824.0
663040.0
6278656.0
3661824.0
7889408.0
2187264.0
-8686592.0
-1.1697664E7
-5347840.0
-1.0343424E7
-6025728.0
2685440.0
-2219520.0
-1250816.0
-968704.0
-2415616.0
945152.0
4004864.0
7206400.0
1.0036224E7
2113536.0
1611264.0
6163968.0
7302656.0
1091072.0
5190656.0
7043072.0
-673792.0
-5441024.0
-1.2450304E7
-1.2271104E7
-1.2512768E7
2619392.0
5793280.0
3186688.0
-2913792.0
1362432.0
-4428800.0
-8711680.0
-4353536.0
587264.0
-3070464.0
1682944.0
4764672.0
1489920.0
4809728.0
1707520.0
-3983360.0
-689152.0
2931200.0
-754176.0
-1860608.0
-1172480.0
3637248.0
-303104.0
-6257664.0
-8731648.0
-4956672.0
-4985856.0
-3374592.0
-2547712.0
3606016.0
-3923968.0
-1.4747648E7
-1.5306752E7
-1.4623744E7
-1.0928128E7
-2754048.0
7958016.0
2853376.0
-4621312.0
-4379136.0
-5112832.0
-647680.0
640000.0
-4358144.0
-338432.0
1536512.0
4686848.0
-1998336.0
-305152.0
3739648.0
588800.0
3010048.0
-5037056.0
-3762176.0
-6082560.0
5851648.0
457216.0
-6737408.0
-5424640.0
7371264.0
1.3772288E7
-463872.0
429056.0
5789696.0
8598528.0
1.4674944E7
1.2318208E7
4701696.0
1.5000576E7
1.2066816E7
8539648.0
7682560.0
3934720.0
4542464.0
960000.0
3547136.0
5428224.0
6274560.0
7930368.0
6543360.0
3819520.0
1510912.0
-7092224.0
-6797824.0
-2767360.0
-4896768.0
-5797888.0
-6301696.0
-4893184.0
-4753920.0
-1.2089344E7
-3027456.0
4492288.0
-1.0444288E7
-7070720.0
-5305856.0
-1.1382784E7
-9792512.0
-1.2356608E7
-1.1714048E7
-9854976.0
-7153152.0
-2947584.0
3106816.0
2810368.0
867840.0
8634368.0
-985088.0
540672.0
5045248.0
3568128.0
2106368.0
-3216896.0
-8992256.0
219648.0
2205184.0
6444544.0
6543872.0
5605376.0
1546752.0
3263488.0
8778752.0
651776.0
1395200.0
-246272.0
-3814912.0
-4007936.0
-6789120.0
1042432.0
4009472.0
1382400.0
2105344.0
1054208.0
-3410944.0
371712.0
3624448.0
-964608.0
4046336.0
1602048.0
9076736.0
7136768.0
6413312.0
4608000.0
4619264.0
-7636992.0
-6172160.0
-2564096.0
-2999296.0
-1.0049024E7
-1.215744E7
1917952.0
3218944.0
8051712.0
8138752.0
1386496.0
-5782528.0
-3839488.0
999936.0
-3090432.0
-8138752.0
258560.0
1494528.0
-1105408.0
829952.0
-1458688.0
4763136.0
9332224.0
4857344.0
4236288.0
1.4176768E7
1.4486016E7
5544448.0
-1609216.0
-2825216.0
30720.0
-1.118208E7
-1.48224E7
-1.0601472E7
-2830848.0
1529856.0
2052096.0
1884672.0
2284544.0
1826304.0
-1264128.0
-2394112.0
-6622208.0
-4660736.0
6342656.0
16896.0
-4856320.0
3121152.0
1.0124288E7
5623808.0
-4753408.0
-6547968.0
93696.0
3629568.0
3289088.0
4407808.0
-4890624.0
-6856704.0
1485824.0
-3070464.0
-4419072.0
-1867264.0
5590528.0
8392704.0
458752.0
1978368.0
-1277952.0
-2691072.0
2565120.0
4929536.0
3035648.0
6600192.0
-945664.0
-1193984.0
3554816.0
260096.0
-2367488.0
3770368.0
2465792.0
9922048.0
5537280.0
-2122752.0
103936.0
-4897792.0
-8010240.0
222720.0
-2811904.0
-2620416.0
3089920.0
2911744.0
3447296.0
-1416192.0
3515904.0
1334272.0
857088.0
-6074880.0
-7831552.0
-2099200.0
2556928.0
-6758400.0
1.1401216E7
1.0728448E7
4939776.0
7712768.0
1.0755072E7
2754048.0
-3100160.0
551424.0
-1623552.0
-2216448.0
-4232704.0
-2705408.0
-309248.0
-994816.0
-133632.0
-564736.0
-7708672.0
-1.4537216E7
-1.2765184E7
488960.0
3542528.0
5621760.0
1356800.0
-1532416.0
-5844480.0
-3576832.0
-5644288.0
-5791744.0
-8241664.0
-4822528.0
7316992.0
4894720.0
5594112.0
3055104.0
7676416.0
1.2493824E7
1.0750464E7
1.0375168E7
2465280.0
-8611840.0
-1.0786816E7
-2014208.0
3444224.0
5092352.0
2559488.0
7605760.0
2550272.0
6215168.0
1.2020224E7
1.111552E7
3043328.0
4450816.0
1.0684416E7
1.750784E7
1.3255168E7
-1484800.0
-1778688.0
11776.0
4575232.0
1.117184E7
7162368.0
9103360.0
-2815488.0
4061696.0
4603392.0
-397824.0
2114560.0
2693632.0
8172032.0
-1879552.0
3827712.0
5022720.0
997888.0
-2328064.0
-1631232.0
-4078592.0
-7906304.0
-5897216.0
-550912.0
-2825216.0
113664.0
-5348352.0
-8121856.0
-7539200.0
207360.0
1.1738112E7
1.1908608E7
7508480.0
9466880.0
1.0839552E7
1.1910144E7
2584064.0
-4389888.0
-6941184.0
797184.0
6935552.0
9099264.0
4576768.0
-2625024.0
-1371136.0
712192.0
6558720.0
2919936.0
-1065984.0
-1134592.0
-1585664.0
2683392.0
5321728.0
441344.0
241664.0
-2996224.0
-8840192.0
-4815360.0
-4051456.0
-130048.0
5845504.0
5726208.0
2029056.0
-6920192.0
-7925248.0
-7500800.0
-1.6586752E7
-1.2472832E7
-2952192.0
-5304320.0
-7629824.0
-2978816.0
8510464.0
1.9262976E7
7482368.0
4288512.0
5685248.0
2410496.0
1033216.0
6029824.0
1.2942848E7
4154368.0
5906944.0
4253696.0
1712640.0
-2260992.0
8409088.0
2652160.0
-3923456.0
-4220416.0
-1410048.0
-1524224.0
-4571648.0
386560.0
491008.0
-132096.0
-4234240.0
-4856832.0
5797376.0
2219008.0
1554944.0
3707392.0
-370688.0
731648.0
1430016.0
1980928.0
4591104.0
2031616.0
2355200.0
-711168.0
-256512.0
1737216.0
-1890304.0
-4579328.0
72704.0
2443264.0
3002368.0
3672576.0
5021696.0
-904704.0
-6914048.0
-8203264.0
-8446976.0
-1696256.0
3109888.0
2237440.0
62976.0
7834624.0
1855488.0
-4026368.0
-7547904.0
-1050624.0
3318784.0
2110464.0
-7448576.0
-5733888.0
-3627008.0
1198592.0
4090368.0
6357504.0
-667648.0
-4779520.0
2493440.0
-6094336.0
-1.4757888E7
-9744384.0
-1.2548096E7
-7078400.0
663552.0
-5951488.0
-3901952.0
-4180992.0
-4126720.0
-7221760.0
-2709504.0
-145408.0
-1.0279936E7
-1.0474496E7
-1.6374272E7
-8012288.0
-1530368.0
989696.0
-3209216.0
-5486080.0
-3792384.0
8683520.0
7681024.0
365568.0
2728448.0
207360.0
1768960.0
4243456.0
8704000.0
2228736.0
2910720.0
1.1519488E7
1.3437952E7
5551616.0
6142464.0
1.0662912E7
1.6316928E7
1.41184E7
1.0284544E7
4712448.0
1188864.0
2641920.0
1933824.0
-1238016.0
3254272.0
-1623552.0
882176.0
-4758528.0
-6068224.0
-1.132288E7
-9358336.0
5771264.0
5551616.0
2700288.0
5459456.0
62464.0
4695040.0
6753792.0
4679168.0
3854848.0
7053824.0
3801088.0
-3030016.0
-1520640.0
-135168.0
-2862080.0
-5904896.0
-9525248.0
-6864896.0
-7006208.0
-1713152.0
8454656.0
2141696.0
-1187328.0
-9013760.0
-2.0748288E7
-1.5922688E7
-2956800.0
3850752.0
9901056.0
9466368.0
-4033024.0
-1.1495936E7
1666048.0
8449024.0
6807040.0
8019456.0
6278656.0
-1.1908608E7
-1.2648448E7
-1.2901376E7
-1.0889216E7
-5101568.0
-511488.0
1022976.0
1551872.0
3188736.0
6290432.0
-2290688.0
-9587712.0
-1.1337728E7
-1.1173888E7
-7333888.0
1.0254848E7
1.4365184E7
1.58976E7
1.0469888E7
1.0067456E7
8355840.0
4301312.0
3123200.0
-1348608.0
3566592.0
-1025024.0
2916864.0
6934016.0
2876416.0
-5206528.0
-6725632.0
-1019392.0
-480256.0
3225600.0
2213376.0
982016.0
-4917760.0
-6441984.0
-7409664.0
-3555328.0
7360000.0
6535168.0
1.4464512E7
2.1987328E7
2.00576E7
2269184.0
-179712.0
-2517504.0
-2992128.0
-3762688.0
-2344960.0
6534144.0
8214528.0
4751872.0
120320.0
-7131648.0
-4939264.0
6535168.0
1.1654144E7
1754624.0
4414464.0
4338688.0
5938688.0
4138496.0
489984.0
-962560.0
-318976.0
-361984.0
6065664.0
1.3157376E7
4482048.0
-1398272.0
-647680.0
2535936.0
-3953152.0
5722112.0
2571776.0
-1.0381312E7
-8168448.0
-1.4788608E7
-2.112512E7
-1.7252352E7
-5551104.0
1218560.0
1403904.0
-277504.0
-5143040.0
-1.2923904E7
-1.1268608E7
-1.0692608E7
-1.1609088E7
-7420928.0
-6431232.0
2952704.0
1.1650048E7
1.3774336E7
5829120.0
1567232.0
351232.0
-3542016.0
36352.0
-1.1126784E7
-9058304.0
-3907072.0
-8276480.0
-3161600.0
-4314624.0
-5088768.0
-7854080.0
-1.17888E7
-8870912.0
-3386880.0
-2530304.0
922112.0
-6734848.0
-4154880.0
-2362368.0
111104.0
2919936.0
4979200.0
4676608.0
2786304.0
-4543488.0
-5339648.0
-4881920.0
-1.0037248E7
-7861248.0
-5922304.0
-4784640.0
-1.2497408E7
-5124096.0
-3248128.0
-8731136.0
-1.0617344E7
-7952896.0
-3028992.0
-1600000.0
1.4554624E7
1.6959488E7
2.059776E7
1.521408E7
6454784.0
1.4305792E7
1.6365568E7
4868096.0
-6590976.0
-4274688.0
965120.0
-4731904.0
-3468288.0
2400768.0
3810816.0
6014976.0
5195776.0
1.2285952E7
2.1063168E7
9484800.0
-1292800.0
-3322880.0
942592.0
6413824.0
-3521536.0
-1.1309568E7
-6150656.0
-371200.0
1965056.0
7199744.0
1.1151872E7
7337984.0
265216.0
-3522048.0
-5947904.0
4120576.0
5732864.0
7977472.0
-763904.0
-5437952.0
-2405888.0
-6601216.0
-1.2088832E7
-7153664.0
-3264000.0
-1725952.0
-5581312.0
2694656.0
3872256.0
1.5875584E7
1.3384704E7
1244160.0
2599936.0
-465408.0
303104.0
-2040320.0
33792.0
2265600.0
-3338240.0
-1.2866048E7
-1.4263808E7
-1.3824512E7
-3138048.0
-2941952.0
-1.4913024E7
-1.464832E7
-1.1466752E7
-1.0125824E7
-1.2484608E7
-9073664.0
-3298816.0
6694912.0
2528768.0
2858496.0
2875904.0
-4079104.0
-5590528.0
-2271744.0
8159232.0
1926144.0
391680.0
-7740928.0
-8479232.0
-1.2872192E7
-1.0337792E7
-2970112.0
283136.0
-9639424.0
-5736448.0
4092416.0
1367040.0
-1.352192E7
-1.426176E7
-7798272.0
509952.0
1.1662848E7
5564928.0
-4084736.0
-2704896.0
-3488768.0
926720.0
982528.0
1672192.0
2577920.0
-1514496.0
-8070144.0
-4132864.0
1960960.0
772096.0
7181824.0
4039680.0
-8405504.0
-4802560.0
-4102656.0
1178624.0
1985536.0
2913792.0
4396544.0
-3821056.0
3674624.0
8413696.0
4847616.0
-4514304.0
130048.0
1234432.0
6142464.0
4403712.0
8480768.0
2144256.0
-4903936.0
-2057728.0
-553984.0
977408.0
-4090368.0
-6575616.0
-7676928.0
-1.2829184E7
-7042560.0
1389056.0
-69120.0
1004544.0
-256000.0
242688.0
6908416.0
4989440.0
3747328.0
-2950144.0
-8439296.0
-1828864.0
1.0376704E7
1.0157568E7
1.0116608E7
-4716032.0
-4872704.0
-2302976.0
-377856.0
2239488.0
3082240.0
-398336.0
454656.0
6174208.0
-578560.0
-1.1301888E7
-1.6960512E7
-1.8719232E7
-1.0041856E7
-2820608.0
-6403584.0
-6903296.0
-4754432.0
1671680.0
5109760.0
1488384.0
542720.0
5035008.0
3809280.0
9010176.0
2414080.0
-3533312.0
-3096576.0
2251264.0
-3764736.0
-8603136.0
-8331264.0
1416192.0
1384960.0
669184.0
-5940736.0
-948736.0
-669696.0
4286976.0
8096768.0
5912576.0
-531968.0
-8727040.0
-1.2338688E7
-5221888.0
4879872.0
-5627904.0
-8551424.0
-7908864.0
-5148160.0
2189312.0
35328.0
-6308864.0
-2061312.0
-4808192.0
-487936.0
2633216.0
-538624.0
2437120.0
-402944.0
813056.0
4626432.0
6460416.0
2722304.0
-4334592.0
-1.0149376E7
-8922624.0
-5388800.0
5273088.0
7275008.0
5988352.0
201728.0
-3326464.0
-7015936.0
-1.1264E7
-1.189888E7
-1.5999488E7
-1.8081792E7
-1.1792896E7
7728640.0
8371712.0
4210688.0
-2270720.0
-1.0137088E7
-7123456.0
-4454912.0
-7485440.0
-2482176.0
-4042752.0
-2613760.0
-888320.0
-3247104.0
-5969408.0
-2488320.0
2679296.0
269824.0
-3567616.0
2706432.0
414208.0
-1451008.0
-6469632.0
-4757504.0
-4320768.0
-103424.0
-2045440.0
139776.0
-96768.0
6177280.0
-4843008.0
-1.304576E7
-5507072.0
-4402176.0
-7792128.0
-4220928.0
-1529856.0
-6485504.0
-5954560.0
-1.3030912E7
-1.2051456E7
-8952320.0
-2169856.0
-4027392.0
-6860800.0
-9143808.0
-8167424.0
-3851776.0
423936.0
6228992.0
7784960.0
-4294144.0
-1860096.0
699904.0
2345984.0
-4703232.0
-7355392.0
-9820672.0
-6519808.0
-565248.0
2974720.0
3116032.0
4267520.0
5211136.0
4266496.0
755200.0
2010112.0
5952512.0
9452032.0
7583232.0
7414272.0
3811328.0
1094144.0
5645824.0
-164352.0
545792.0
3671040.0
-1326080.0
833536.0
2631168.0
1572864.0
-5139456.0
-1.1526656E7
-5020160.0
1711104.0
5270016.0
9788416.0
1.2904448E7
1.071104E7
4854272.0
-4222976.0
-5702656.0
-7811072.0
-5103616.0
-7476736.0
-5403648.0
4380672.0
-675840.0
-2708992.0
-2152960.0
-5250048.0
-9802752.0
-1.6423936E7
-1.3558784E7
-1.185536E7
-6204416.0
3791872.0
5502464.0
2512384.0
4994048.0
5634560.0
7882752.0
1.2845056E7
1.033984E7
7227904.0
323584.0
-2416640.0
-5681664.0
-9277952.0
-1.1621888E7
-3823616.0
-2391040.0
-1.0899456E7
-9147904.0
-4576256.0
-1033216.0
-2003968.0
1.3261312E7
8342528.0
184320.0
6292480.0
1.3466112E7
6620160.0
5490176.0
1758208.0
-7450112.0
-8853504.0
-3295232.0
9653760.0
9329664.0
7797760.0
4674048.0
2817536.0
1573888.0
-1.0862592E7
-8156160.0
-3134464.0
-7003648.0
-1.2002816E7
-1.6208384E7
-7127552.0
-5020160.0
-1.2381184E7
-7875584.0
1217024.0
7654912.0
4539392.0
4494336.0
8965632.0
1.0737664E7
1.6457728E7
1.0592768E7
8001536.0
1.2851712E7
6851584.0
4674560.0
3063808.0
-9369088.0
-5203968.0
-310784.0
350208.0
2247680.0
6413312.0
6523904.0
5169152.0
5911040.0
349184.0
-1314304.0
-3982336.0
-3726336.0
9945088.0
1.8850304E7
1.9172352E7
1.5138816E7
7909888.0
6974464.0
7327744.0
-1224704.0
-1.175808E7
-1.2521984E7
-1.1663872E7
-1.3152256E7
-184320.0
-5671936.0
-472576.0
5846528.0
7682048.0
7962112.0
-3490816.0
-7714304.0
-7771136.0
-3460096.0
-5028352.0
-1.0249728E7
-1.2317184E7
-1.7933824E7
-1.2620288E7
-8218112.0
-1008128.0
-1659392.0
-3597824.0
-1.313792E7
-3814912.0
8543744.0
1.0433024E7
9914368.0
1378304.0
-3731456.0
780800.0
-69632.0
-1.0253312E7
-3195392.0
-4401664.0
-7524352.0
-577024.0
5542400.0
8660992.0
4685312.0
-2845184.0
4665856.0
737792.0
-2552320.0
-6079488.0
-3671040.0
-6800896.0
-900096.0
-669184.0
5267456.0
2056704.0
-6685184.0
-8967168.0
-1081344.0
-7450112.0
-1.2638208E7
-1.251328E7
-4425216.0
863232.0
-733184.0
-1.453312E7
-1.5644672E7
509440.0
1827840.0
2274816.0
6455296.0
9094656.0
6289408.0
-3027456.0
-2438144.0
1.0681856E7
1.033984E7
-984064.0
-4800512.0
-1093120.0
-398336.0
-1188352.0
4422144.0
1.138688E7
1.1119104E7
4917760.0
53248.0
6036480.0
7897600.0
5376000.0
-1975808.0
-2134016.0
-6174720.0
-9323008.0
-1.0287616E7
2134528.0
2617856.0
1591808.0
-4605440.0
-7791104.0
-1.1337216E7
-6292480.0
-6501888.0
-3451904.0
5944832.0
8745472.0
5469184.0
4955136.0
5100032.0
1.025024E7
9513472.0
9163264.0
1.0407936E7
5698560.0
2555904.0
-2838528.0
-4265984.0
-5110784.0
-1.1630592E7
-2816000.0
2427392.0
8089088.0
4784128.0
-841728.0
269824.0
2723840.0
8389632.0
6105088.0
2787840.0
6648832.0
7936512.0
-1835520.0
-8181248.0
-1.1618304E7
-4905472.0
566784.0
-986624.0
-4363776.0
1879040.0
5102592.0
901120.0
-459264.0
-1993216.0
-4711424.0
3009536.0
-515072.0
-501760.0
-2449408.0
5286912.0
6535680.0
6936064.0
35328.0
-6142976.0
-1.0148352E7
-1.0934784E7
-3883520.0
-1008128.0
3462656.0
3408384.0
-3150848.0
-4137984.0
-4143104.0
-8411648.0
-7597568.0
-481792.0
-1.4875648E7
-1.12768E7
1731584.0
-126464.0
-1496576.0
-648192.0
-2634240.0
1100800.0
5409280.0
5520896.0
2967552.0
5721088.0
3958784.0
5304320.0
5680128.0
5799936.0
5137920.0
5248512.0
1633280.0
4230656.0
1.6716288E7
1.2378112E7
1.2762112E7
8004096.0
6952960.0
3100160.0
4873728.0
-1187840.0
-1044480.0
942592.0
-1042432.0
-3753984.0
-8717824.0
-1.1841024E7
-2091008.0
1347584.0
5318144.0
4028416.0
2590720.0
3635712.0
3084288.0
6133248.0
1.2149248E7
1.09312E7
7080448.0
-1176064.0
-626176.0
8322560.0
4784128.0
4007424.0
996352.0
-7186944.0
-1.2772352E7
-1.0330112E7
-6207488.0
-1.0648064E7
-1.0839552E7
-1.1170304E7
-1.1486208E7
-1.5223296E7
-6482432.0
2653696.0
4243968.0
-69632.0
-4125696.0
-6479872.0
5064192.0
9980928.0
-18432.0
-2980864.0
-374784.0
-165888.0
6491136.0
4416000.0
-6185984.0
-2584064.0
3832832.0
1247232.0
-6097408.0
-2056192.0
-390144.0
-1.0042368E7
-1.0159104E7
-2395136.0
-9739264.0
-1.9462144E7
-1.3715456E7
-7174144.0
-8142336.0
-3889664.0
-4497408.0
2339840.0
9843712.0
1.3626368E7
1.0342912E7
1.594368E7
1.1429888E7
3595264.0
2788864.0
5059072.0
-4738560.0
-6833152.0
-5877248.0
-5160960.0
-8619520.0
-1390080.0
1550336.0
-1631744.0
-406528.0
5669376.0
-4176384.0
-4919296.0
-3656704.0
-616960.0
3051008.0
3122688.0
-3457536.0
-3155456.0
2810368.0
2427392.0
2867712.0
-1.2015104E7
-1.9478016E7
-9655296.0
-1.0750976E7
-8025600.0
4414976.0
2956800.0
4251136.0
2864640.0
2375680.0
9029632.0
7740416.0
-3308544.0
-3213312.0
421376.0
-5411840.0
-1.0537472E7
-5064704.0
-5848064.0
-2925568.0
-2.004736E7
-9336320.0
-1284096.0
-7798784.0
-7131648.0
-1654272.0
-7148032.0
-7248384.0
-4938752.0
-1.0860544E7
-1.3497856E7
-6726656.0
-2991616.0
-7151616.0
-1.1792896E7
-7345664.0
-8409088.0
-5050880.0
-180224.0
-845824.0
1802752.0
140800.0
-5180416.0
1189888.0
-3825664.0
-5134848.0
2709504.0
1531392.0
-5489664.0
-1.3213696E7
-3802624.0
4415488.0
8590848.0
1065984.0
-7172608.0
-5711360.0
-4341760.0
-3157504.0
-3502080.0
-843264.0
-3403264.0
870400.0
-1054208.0
-882176.0
5934592.0
-1977344.0
-2471936.0
1838080.0
7653376.0
8239104.0
1961472.0
-903168.0
1288192.0
7235584.0
1.08928E7
1678336.0
31232.0
-2018304.0
5304320.0
6971904.0
2401280.0
-971264.0
-5501952.0
-1.2658688E7
-3456512.0
2010624.0
6528512.0
1333760.0
-4526592.0
-1.3535744E7
-1.198848E7
-5137408.0
-1302528.0
294912.0
8071168.0
1611776.0
-4879360.0
-1610752.0
1942016.0
19968.0
-1039360.0
-1.1051008E7
-5761536.0
2075648.0
-559104.0
-2974720.0
-1.2391424E7
-1.0524672E7
-6272512.0
-5656064.0
-9069568.0
-4585984.0
-1940992.0
-4215808.0
-6338560.0
-4733952.0
-1138688.0
-6779392.0
-8501248.0
-4204032.0
-1.2817408E7
-1.3832192E7
-1.5936E7
-2674176.0
-2185728.0
-5732352.0
-2660864.0
3078144.0
-159232.0
-5721088.0
-9882112.0
1180672.0
3346944.0
5478400.0
2241024.0
-902144.0
3160064.0
3700224.0
2794496.0
-5212672.0
-7045120.0
1262592.0
3444736.0
4041728.0
6464512.0
831488.0
-748544.0
8664576.0
1.2942848E7
1.5970304E7
1.1137536E7
2874880.0
-6665216.0
2841088.0
540160.0
-559104.0
-926208.0
-7944704.0
-1.18912E7
-1.1516416E7
1385984.0
8506368.0
5177856.0
2114048.0
-1456128.0
-9153536.0
-3448832.0
4862464.0
1375744.0
8675840.0
1.4782976E7
-2744832.0
-5092352.0
-652288.0
-4000256.0
-1.1175424E7
-1.6580096E7
-1.2767744E7
-5667328.0
-4583936.0
-3490816.0
-2609664.0
1694720.0
2759168.0
3304448.0
-6066176.0
7668224.0
1.4852096E7
4594688.0
802816.0
6398464.0
5812224.0
1.1415552E7
5291008.0
4981760.0
-3662848.0
-7633408.0
-1.3869056E7
-9634304.0
-2336768.0
605184.0
6856704.0
7629312.0
5011456.0
1.5760896E7
1.9214336E7
9615872.0
3710976.0
-3319808.0
-5476352.0
-6145536.0
-4388352.0
-4344320.0
-1685504.0
-2924032.0
891904.0
3146752.0
834048.0
-3006464.0
-6490112.0
-1473536.0
5104128.0
805376.0
-2345472.0
-2169344.0
-4126720.0
3464704.0
1.1412992E7
7781888.0
5178880.0
634880.0
-2619392.0
744448.0
1513984.0
4255232.0
9003520.0
1312256.0
-1526784.0
-7465472.0
-9773568.0
-6336000.0
1230336.0
-2014720.0
-2261504.0
3546112.0
637952.0
-1.197312E7
-4713984.0
799744.0
1.0607616E7
3638784.0
3933184.0
-1342976.0
-7240704.0
-1.3527552E7
-1.2640256E7
-1.2635648E7
-1.0783744E7
-8886784.0
-1.0245632E7
-7954944.0
-514560.0
9168384.0
1.0976768E7
5908480.0
9159680.0
7822336.0
4124160.0
2252288.0
1113088.0
3910144.0
1.1556864E7
1.1946496E7
4955648.0
1608704.0
293888.0
366592.0
2295296.0
515584.0
-1.367808E7
-7698944.0
-2081792.0
-4189184.0
-5607936.0
3640832.0
-6133760.0
-2444288.0
3458048.0
9474560.0
119808.0
-5603840.0
1058816.0
-2628608.0
-3045376.0
1.6964608E7
1.7390592E7
1.263616E7
6471680.0
2309632.0
-2910720.0
-4263424.0
-5269504.0
-5715968.0
-1.1984896E7
-7164416.0
-7669760.0
2480128.0
1.5888384E7
1.357824E7
2569728.0
-41472.0
300544.0
7931392.0
2302976.0
-9690624.0
598528.0
3095040.0
3761664.0
1.4536704E7
7699456.0
-1383936.0
-1752064.0
-5278720.0
-1344512.0
-5797888.0
-6213632.0
-3412992.0
-4014080.0
-4280320.0
-5725696.0
-1.5163904E7
-1.160704E7
-1.17504E7
-1.16736E7
-2.1352448E7
-1.6138752E7
-2248192.0
-3951104.0
-5140992.0
-6518272.0
-1.6565248E7
-2.046208E7
-2.1479424E7
-1.6088064E7
-7225856.0
3004416.0
5300736.0
-4788224.0
-1.5204864E7
-1.0228224E7
-6736896.0
883200.0
-4771840.0
-1717248.0
-1981440.0
-8172544.0
-5246976.0
3077632.0
1.0059776E7
1.0558976E7
9887232.0
6662656.0
5692416.0
1.8433024E7
1.4704128E7
1.1966464E7
5239296.0
5435904.0
294400.0
3008512.0
1508352.0
-5677568.0
-5956096.0
-5284864.0
-5740032.0
1031680.0
-257536.0
-2267648.0
1622528.0
-4065280.0
-1227776.0
2909696.0
3159552.0
4295680.0
2613248.0
-848384.0
-1772032.0
2071040.0
2962432.0
1229312.0
1417728.0
-4177920.0
-5456384.0
-1.0763776E7
-1.3444096E7
-1.9158016E7
-3292160.0
7148032.0
1.6740864E7
-2160128.0
-2438656.0
3650560.0
1.1224064E7
1.3477888E7
6120960.0
-5710848.0
-6042112.0
-3762176.0
-829952.0
-5484032.0
-6411776.0
-3027968.0
-6754304.0
-1.451008E7
-793088.0
8171008.0
7044096.0
7653376.0
7196672.0
-4024832.0
1.0151424E7
1.511424E7
843776.0
-8893952.0
-8389120.0
-8051200.0
-5181440.0
-9927168.0
-1.5294464E7
-1.2775424E7
-5080064.0
6500864.0
2033664.0
6481408.0
7734272.0
6024192.0
9950720.0
1.3019648E7
1.065472E7
7332864.0
-1541632.0
-4340736.0
-9694720.0
-7795200.0
-67584.0
3144704.0
3532288.0
7900672.0
-9238528.0
-1.2607488E7
-9762304.0
1616896.0
5129728.0
9073664.0
1534976.0
-586752.0
-5414400.0
-2413568.0
-6607360.0
-4094976.0
-1545216.0
1196544.0
-5776384.0
-2344448.0
6428672.0
1.4517248E7
9741312.0
3729408.0
-2051072.0
1.060352E7
1.0445312E7
-1305088.0
-1213952.0
2104320.0
6743040.0
1.1194368E7
1.3265408E7
9950720.0
4764672.0
3446784.0
2075136.0
9270272.0
1.0148864E7
1.0309632E7
4588544.0
-4923904.0
-4829184.0
1105920.0
6220800.0
9420800.0
9192960.0
2388992.0
5643776.0
-1989120.0
-5769216.0
-1.6085504E7
-2066432.0
4615680.0
8120832.0
5759488.0
9350656.0
942080.0
-1528320.0
-6172160.0
1245696.0
2101760.0
5306368.0
670720.0
3835904.0
5036544.0
3145216.0
-2901504.0
-4090880.0
-2437632.0
2227200.0
306688.0
4932608.0
1593856.0
-313856.0
3957760.0
3420672.0
3218944.0
1.1579392E7
1.3051392E7
5232640.0
1336832.0
1321984.0
3392512.0
1.0547712E7
8684032.0
8778240.0
8265728.0
-1666048.0
-1.448192E7
-1.1290624E7
-7228928.0
-4029952.0
-3095040.0
-2621440.0
7397888.0
8123392.0
7275008.0
9894400.0
1.2115456E7
1.1449344E7
9914880.0
6273024.0
1.0185216E7
8540160.0
6094336.0
-375808.0
-92160.0
-9993216.0
1820160.0
2166272.0
-3961856.0
-4267008.0
-274944.0
-220160.0
5554688.0
1.3044736E7
1.5230464E7
8068096.0
5937664.0
-8316416.0
-7858688.0
-1.223424E7
642048.0
1.1813888E7
1.6696832E7
7755776.0
8299520.0
1.8522624E7
2.5100288E7
1.4358016E7
1.2836864E7
1220608.0
5590528.0
4094976.0
3962880.0
2009600.0
5498880.0
1.193984E7
1.6174592E7
1.3989888E7
1.2371456E7
2.0270592E7
1.4045184E7
9815552.0
6206976.0
1.3835776E7
7989760.0
1.3705216E7
1.246464E7
4481536.0
1.2265472E7
1.6617472E7
1.3019648E7
2.1705728E7
2.5349632E7
2.4380928E7
1.7304576E7
1.4560768E7
1.3346304E7
1.2063232E7
8421888.0
9857024.0
3891200.0
7071744.0
6518784.0
1.3259264E7
1.9684352E7
2.31296E7
1.0758144E7
1.0898432E7
8922112.0
1.9549696E7
1.8934784E7
2.440192E7
2.443264E7
2.5929728E7
1.1265024E7
9305088.0
9388544.0
1.6103424E7
1.412864E7
1.5634432E7
1.5461376E7
2.4669696E7
2.9095424E7
2.85312E7
2.6599936E7
2.4888832E7
2.1616128E7
2.1443072E7
1.2520448E7
8539648.0
9269248.0
1.4938112E7
1.9950592E7
2.6107904E7
2.9328384E7
2.528E7
3.39712E7
2.9988352E7
2.6612224E7
3.1323648E7
3.0802432E7
2.302464E7
2.5844224E7
1.6489984E7
1.757952E7
1.8172416E7
1.9380224E7
2.6090496E7
3.1816192E7
2.692352E7
3.1478272E7
3.2471552E7
3.8026752E7
3.660544E7
3.7958656E7
3.5072E7
3.9509504E7
1.975296E7
1.2145152E7
1.4756864E7
2.1757952E7
2.9334016E7
3.5641344E7
2.9551104E7
3.13728E7
2.6259456E7
3.3912832E7
3.1882752E7
3.5075072E7
3.1439872E7
3.3689088E7
2.7536384E7
3.290368E7
4.205824E7
4.7847424E7
4.4574208E7
5.0285056E7
5.0855936E7
5.0930176E7
4.5846528E7
4.3156992E7
3.9384576E7
3.7349376E7
3.3083904E7
3.7283328E7
3.0265856E7
3.0663168E7
3.8718464E7
4.2037248E7
4.4897792E7
4.5286912E7
4.7302144E7
4.570624E7
5.5318016E7
5.6057344E7
5.0669568E7
4.9585152E7
5.1715584E7
4.2631168E7
4.3435008E7
4.4210688E7
5.5371264E7
4.633856E7
4.9006592E7
5.0749952E7
6.1251072E7
6.3865344E7
5.4439936E7
4.6610944E7
4.6482944E7
4.1156096E7
4.0740864E7
3.4363392E7
4.7668224E7
5.0640384E7
5.462784E7
4.4750848E7
5.0214912E7
5.0487808E7
4.952576E7
4.7849472E7
5.5456256E7
4.871424E7
5.6324608E7
6.4386048E7
7.535104E7
6.0165632E7
5.8184192E7
5.9945984E7
6.810368E7
5.746432E7
5.996288E7
5.3585408E7
6.3316992E7
6.7355648E7
6.358784E7
5.9977728E7
5.4936064E7
5.7027584E7
6.328832E7
6.4135168E7
6.058496E7
6.7821568E7
6.1034496E7
5.2219904E7
4.9012224E7
5.6134144E7
6.4399872E7
6.7601408E7
6.3710208E7
6.8568064E7
6.982144E7
6.8224E7
6.848512E7
7.7704192E7
7.7546496E7
7.9883264E7
7.51104E7
8.6613504E7
8.3222016E7
9.1134976E7
9.0577408E7
9.9080192E7
8.929024E7
9.1319296E7
8.8349696E7
9.0354176E7
9.1030016E7
9.8845184E7
8.8690688E7
9.7986048E7
9.5407104E7
1.03122432E8
8.5072896E7
8.3305984E7
8.3181568E7
9.7387008E7
8.7105024E7
9.1672064E7
9.7884672E7
1.08440576E8
1.126016E8
1.19273472E8
1.07004416E8
1.07512832E8
1.10801408E8
1.19220224E8
1.16555264E8
1.16673536E8
1.14213376E8
1.11258112E8
1.19092224E8
1.142784E8
1.08812288E8
1.20762368E8
1.18555136E8
1.19794176E8
1.25786112E8
1.3729024E8
1.52368128E8
1.50103552E8
1.56985344E8
1.62948096E8
1.757312E8
1.79995648E8
1.92728064E8
2.03469824E8
2.29881344E8
2.51336192E8
2.72475136E8
2.85840384E8
3.3276672E8
3.63289088E8
4.0374528E8
4.31515136E8
4.8833792E8
5.26513152E8
5.82767104E8
6.2457344E8
6.61194752E8
6.57339392E8
6.41079808E8
5.87446784E8
5.4260736E8
4.8921344E8
4.54583296E8
4.223232E8
4.30566912E8
4.33095168E8
4.599552E8
4.80522752E8
5.09273088E8
5.37132032E8
5.81579776E8
6.30526976E8
6.83825152E8
7.01280256E8
6.99442176E8
6.58408448E8
5.95073536E8
5.14992128E8
4.44217344E8
3.81306368E8
3.44367616E8
3.07058688E8
2.79596544E8
2.61548032E8
2.45350912E8
2.34535424E8
2.33744896E8
2.3695104E8
2.36240896E8
2.31993344E8
2.2489856E8
2.34448896E8
2.31460352E8
2.33891328E8
2.27900416E8
2.41142784E8
2.46352896E8
2.59971072E8
2.58168832E8
2.61336576E8
2.56967168E8
2.71796224E8
2.55108096E8
2.67115008E8
2.54385152E8
2.66112E8
2.75219456E8
2.95883776E8
2.85315584E8
2.93886976E8
2.88531456E8
2.98260992E8
2.97986048E8
3.2796672E8
3.14435584E8
3.26089216E8
3.1956736E8
3.34663168E8
3.2292096E8
3.3762816E8
3.32286464E8
3.46573312E8
3.37216512E8
3.53052672E8
3.55590656E8
3.63710976E8
3.58570496E8
3.78062848E8
3.83826944E8
3.9279872E8
3.94266624E8
4.09750016E8
4.16324608E8
4.22740992E8
4.25930752E8
4.25298944E8
4.41890304E8
4.54682624E8
4.67984384E8
4.7361792E8
4.79023104E8
4.84092928E8
5.05691648E8
5.1164928E8
5.25703168E8
5.22527232E8
5.39371008E8
5.4584576E8
5.620736E8
5.54429952E8
5.80851712E8
5.86642432E8
6.1739264E8
6.2141184E8
6.50638848E8
6.4900608E8
6.66690048E8
6.59668992E8
6.93141504E8
6.88042496E8
7.24529664E8
7.29158656E8
7.67886848E8
7.70764288E8
8.07355392E8
8.14897664E8
8.41504256E8
8.4232448E8
8.78444544E8
8.90410496E8
9.23564032E8
9.24957184E8
9.73095936E8
9.82061568E8
1.016996352E9
1.035825664E9
1.080790528E9
1.101248512E9
1.142823424E9
1.154875904E9
1.198158336E9
1.218439168E9
1.264082432E9
1.293369344E9
1.345009152E9
1.382212608E9
1.426602496E9
1.46139136E9
1.510345216E9
1.559396352E9
1.61088E9
1.664448512E9
1.716402176E9
1.778499072E9
1.834631168E9
1.912035328E9
1.963669504E9
2.044539904E9
2.110552064E9
2.214974464E9
2.286848E9
2.39950848E9
2.480241152E9
2.606255616E9
2.698382848E9
2.855956992E9
2.952106496E9
3.126866432E9
3.24670976E9
3.438732288E9
3.572412416E9
3.815809536E9
3.997248512E9
4.261988352E9
4.458300416E9
4.785956864E9
5.048785408E9
5.438986752E9
5.769856512E9
6.261414912E9
6.713645568E9
7.390137344E9
8.065682944E9
8.952735744E9
9.833168896E9
1.0990836224E10
1.2233131008E10
1.3880541696E10
1.5729389568E10
1.813081088E10
2.0893108736E10
2.455216896E10
2.9186605568E10
3.5679003648E10
4.442391808E10
5.6635086336E10
6.9587331072E10
7.9339306496E10
8.86164096E10
9.8794005504E10
1.11570274816E11
1.29943611392E11
1.517031808E11
1.70067132928E11
1.74547544064E11
1.62699810816E11
1.40834340864E11
1.03068767232E11
6.8843965952E10
4.886917376E10
3.6308766208E10
2.8122282496E10
2.2170545664E10
1.8133684224E10
1.4913519616E10
1.2610188288E10
1.0592437248E10
9.118025216E9
7.719180288E9
6.693656576E9
5.753542656E9
5.157751296E9
4.54889216E9
4.19083776E9
3.776007168E9
3.548824064E9
3.238640128E9
3.085855232E9
2.853120512E9
2.74167808E9
2.552263168E9
2.482108416E9
2.325339648E9
2.276079616E9
2.16693504E9
2.151483392E9
2.07662592E9
2.078884864E9
2.028635136E9
2.055199744E9
2.024935424E9
2.068240896E9
2.07368192E9
2.132314112E9
2.11211008E9
2.077199872E9
1.965961216E9
1.849883136E9
1.675431936E9
1.52973312E9
1.39590144E9
1.292598272E9
1.186087936E9
1.106306048E9
1.029518848E9
9.8765824E8
9.50109184E8
9.05693184E8
8.68783104E8
8.27198976E8
7.93318912E8
7.64550656E8
7.49582848E8
7.15099136E8
7.0494976E8
6.76737024E8
6.898688E8
6.7764224E8
6.84028416E8
6.75273216E8
7.03393792E8
7.08731904E8
7.62731008E8
7.85115136E8
8.4931328E8
8.82433024E8
9.46943488E8
9.8803712E8
1.080442368E9
1.142407168E9
1.238956032E9
1.290103296E9
1.330066432E9
1.276221952E9
1.190505984E9
1.030766592E9
8.75535872E8
7.12100864E8
6.169984E8
5.20494592E8
4.79540224E8
4.31115776E8
4.16145408E8
3.7200896E8
3.61611264E8
3.350528E8
3.22540032E8
2.98513408E8
3.01422592E8
2.74087424E8
2.67752448E8
2.54275584E8
2.53737984E8
2.39141376E8
2.28992512E8
2.16557056E8
2.18464256E8
2.18005504E8
2.04691456E8
1.96668928E8
1.99051264E8
1.96502528E8
1.92491008E8
1.8818816E8
1.78627072E8
1.8055168E8
1.80910592E8
1.73891584E8
1.55147264E8
1.56579328E8
1.5263744E8
1.65011968E8
1.51033856E8
1.48468736E8
1.34258688E8
1.4281728E8
1.2189696E8
1.23771904E8
1.21222656E8
1.32937728E8
1.3023488E8
1.40447744E8
1.13632768E8
1.13783808E8
1.0721024E8
1.154688E8
1.02052864E8
1.05921536E8
8.6200832E7
9.87648E7
8.8303104E7
1.06827776E8
9.1372544E7
9.9024384E7
9.5571456E7
1.00367872E8
9.1603456E7
8.5383168E7
7.5216896E7
8.0728576E7
7.79776E7
8.3698176E7
7.1012864E7
7.2846848E7
6.9187584E7
7.3453568E7
6.7715072E7
6.6270208E7
6.9904896E7
7.0168576E7
7.0718976E7
7.3712128E7
6.4480768E7
6.877952E7
7.236352E7
6.6392064E7
6.333952E7
5.82784E7
5.5035392E7
4.9837568E7
5.3912064E7
5.5021568E7
6.2071296E7
6.080512E7
7.3071104E7
6.4458752E7
6.0499456E7
4.8917504E7
4.9163776E7
4.150784E7
5.1187712E7
3.7791232E7
3.8270464E7
2.9192192E7
3.3273344E7
3.0413312E7
4.0224256E7
3.7126144E7
4.0049664E7
2.9458432E7
3.6558848E7
3.4862592E7
4.3011584E7
3.1461888E7
3.6228096E7
3.5756544E7
4.983296E7
3.7245952E7
3.5291648E7
3.3403904E7
3.8455808E7
3.2669184E7
4.0137216E7
3.7420032E7
4.011008E7
2.4996352E7
2.6923008E7
2.2419456E7
1.9756032E7
2.4998912E7
2.596096E7
2.3628288E7
2.6243072E7
2.3251968E7
2.050816E7
1.5270912E7
1.4645248E7
1.3435904E7
6818304.0
6043136.0
1.3226496E7
9514496.0
9598464.0
2.1172736E7
1.3603328E7
9054720.0
1.4867968E7
1.2451328E7
4461056.0
6796288.0
9942528.0
2.0524032E7
9450496.0
1.8991616E7
2.3807488E7
3.4733056E7
2.4067072E7
2.2678528E7
1.1593728E7
2.2867968E7
2.059008E7
2.4630784E7
2.2240256E7
1.8808832E7
9862656.0
2.0473856E7
1.3188608E7
2.1206528E7
1.185792E7
6755328.0
516608.0
5178880.0
1.1597312E7
8791552.0
-1260544.0
4759040.0
-3566592.0
5888000.0
9825792.0
1.1258368E7
9423360.0
1.4737408E7
2.2825472E7
3.2106496E7
1.412096E7
1.197568E7
1.3515264E7
1.1610112E7
1.0616832E7
1.0244608E7
1.8153984E7
1.8066432E7
1.691648E7
1.80992E7
1.3945344E7
3665408.0
1972736.0
6364672.0
1.4879744E7
1.3594112E7
9476096.0
8986624.0
1.6193536E7
1.2599808E7
1.3782528E7
1.9337728E7
2.313472E7
2.1017088E7
2.3510016E7
1.727488E7
1.5321088E7
1.4427136E7
2.4500736E7
1.9831296E7
1.9516416E7
8417792.0
1.6128E7
1.547008E7
2.5062912E7
2.3287808E7
2.3136256E7
1.4299136E7
1.85344E7
1.705216E7
2.681088E7
2.8717056E7
2.6466304E7
2.468864E7
3.3741824E7
2.9072896E7
4.129024E7
3.9227904E7
4.7125504E7
5.1733504E7
6.4832512E7
7.3305088E7
8.5484544E7
9.9993088E7
1.23196928E8
1.25321216E8
1.34961664E8
1.49368832E8
1.67951872E8
1.9200512E8
2.14947328E8
2.17137152E8
2.10116096E8
2.02364928E8
2.03693056E8
1.9975936E8
2.03598848E8
2.12914176E8
1.99583232E8
1.9236352E8
1.72924928E8
1.49886976E8
1.32636672E8
1.27087104E8
1.177472E8
1.21868288E8
1.0739456E8
1.10195712E8
1.14687488E8
1.2833024E8
1.27307776E8
1.3628928E8
1.371008E8
1.50042112E8
1.5415808E8
1.61317376E8
1.60240128E8
1.69675264E8
1.62450432E8
1.69622016E8
1.62356224E8
1.574528E8
1.5963136E8
1.63454976E8
1.47637248E8
1.61606656E8
1.69627136E8
1.7325056E8
1.80762624E8
2.01470464E8
2.1874944E8
2.44099584E8
2.6823168E8
2.91311616E8
3.18138368E8
3.50229504E8
3.73966336E8
4.05082624E8
4.4171264E8
4.78978048E8
5.34399488E8
6.02378752E8
6.57704448E8
7.27209984E8
8.17715712E8
8.9957376E8
9.76305152E8
1.062022656E9
1.138112512E9
1.196429824E9
1.250074624E9
1.271264256E9
1.280592384E9
1.269989888E9
1.257344E9
1.246175744E9
1.243394048E9
1.243015168E9
1.254713344E9
1.277232128E9
1.312822784E9
1.32756992E9
1.349975552E9
1.381682176E9
1.432969216E9
1.495470592E9
1.58883584E9
1.676678144E9
1.77454336E9
1.860923392E9
1.929754624E9
1.993743872E9
2.07580672E9
2.154202624E9
2.225496064E9
2.253804544E9
2.25479168E9
2.202410496E9
2.088741376E9
1.932580352E9
1.770487296E9
1.617078784E9
1.485344768E9
1.373843456E9
1.303321088E9
1.231133184E9
1.166683648E9
1.101070336E9
1.044151808E9
1.0009216E9
9.91848448E8
9.9362048E8
1.01071872E9
1.037407744E9
1.049798656E9
1.048239104E9
1.032836608E9
1.006785024E9
9.58693376E8
9.0051584E8
8.29476864E8
7.59525888E8
6.84505088E8
6.17200128E8
5.47334656E8
4.85259264E8
4.2477056E8
3.79733504E8
3.37470976E8
3.02976E8
2.7985664E8
2.63404544E8
2.32082944E8
2.19978752E8
2.19019264E8
2.13713408E8
1.99465984E8
2.0151296E8
2.00334336E8
2.00818176E8
1.96132352E8
1.91547904E8
1.90744576E8
1.97725184E8
1.96123648E8
2.06687232E8
2.17922048E8
2.3774208E8
2.6376704E8
2.77702144E8
2.84835328E8
3.06533888E8
3.28105984E8
3.68907264E8
4.0718592E8
4.5692672E8
5.0071552E8
5.40791808E8
5.88401664E8
6.40009728E8
7.00444672E8
7.8346496E8
8.44596224E8
8.79700992E8
8.54190592E8
7.92293888E8
7.13143808E8
6.34064384E8
5.8155264E8
5.57129216E8
5.66068224E8
5.88209152E8
6.24155648E8
6.68965888E8
7.10383104E8
7.44420352E8
7.67576064E8
7.85188352E8
7.94335744E8
7.95354624E8
7.8110208E8
7.36779776E8
6.9060096E8
6.28747264E8
5.78107392E8
5.41829632E8
5.35636992E8
5.37949184E8
5.5383296E8
5.73868544E8
6.149248E8
6.60472832E8
7.05447936E8
7.52914432E8
8.0275968E8
8.30992384E8
8.3416832E8
8.16820736E8
7.87464192E8
7.2736E8
6.76875264E8
6.33451008E8
6.14590976E8
6.0489984E8
6.0229888E8
6.07055872E8
6.1649408E8
6.14129664E8
6.1667072E8
6.24727552E8
6.3094784E8
6.41442304E8
6.69528576E8
7.00593152E8
7.29472512E8
7.54123776E8
7.96033536E8
8.3208448E8
8.81002496E8
9.31272704E8
9.885184E8
1.048586752E9
1.084105728E9
1.11946496E9
1.163948032E9
1.204313088E9
1.245559808E9
1.298139136E9
1.360703488E9
1.440219648E9
1.503423488E9
1.57475328E9
1.647648256E9
1.72045824E9
1.797908992E9
1.881591296E9
1.965892096E9
2.061586432E9
2.152274432E9
2.250359296E9
2.352084992E9
2.433967616E9
2.488466432E9
2.513553408E9
2.477781504E9
2.38390784E9
2.253564928E9
2.109347328E9
1.965658624E9
1.850404352E9
1.74923776E9
1.649312768E9
1.530851328E9
1.411342336E9
1.291784704E9
1.18089984E9
1.072954368E9
9.88358144E8
9.16808704E8
8.59406336E8
8.10558976E8
7.77773568E8
7.44877568E8
7.15602944E8
6.95830016E8
6.76432384E8
6.51915776E8
6.27086336E8
6.03856384E8
5.908992E8
5.8509568E8
5.84630272E8
5.8226176E8
5.87623424E8
5.93997312E8
5.91158272E8
5.99455744E8
6.0564224E8
5.94963456E8
5.90608896E8
5.86377728E8
5.87006464E8
5.78975744E8
5.73138432E8
5.4483456E8
5.13358336E8
4.8202752E8
4.48614912E8
4.20304896E8
4.06047232E8
3.9860736E8
3.85465856E8
3.84129536E8
3.72535296E8
3.71891712E8
3.58244864E8
3.47516416E8
3.38097664E8
3.364096E8
3.29385984E8
3.38735616E8
3.47556352E8
3.55395072E8
3.59985152E8
3.65635072E8
3.69161728E8
3.70720256E8
3.63856896E8
3.626752E8
3.48131328E8
3.4573312E8
3.35531008E8
3.294336E8
3.2843264E8
3.307648E8
3.368064E8
3.4029568E8
3.4405376E8
3.57392384E8
3.7337344E8
4.00666112E8
4.13807616E8
4.21955072E8
4.17006592E8
4.03547648E8
3.73691392E8
3.48754432E8
3.37061376E8
3.31662336E8
3.31150336E8
3.35212544E8
3.35532032E8
3.24855808E8
3.1492864E8
3.05157632E8
2.92526592E8
2.78550528E8
2.66170368E8
2.57061376E8
2.47834624E8
2.37490688E8
2.33860608E8
2.23404032E8
2.13558784E8
2.06320128E8
1.94653696E8
1.84775168E8
1.7004288E8
1.54881536E8
1.45964032E8
1.2022016E8
1.16852224E8
1.03430144E8
9.8454528E7
9.4334976E7
9.8358272E7
1.0174464E8
1.0220032E8
9.7756672E7
1.10172672E8
1.13162752E8
1.19853568E8
1.2914688E8
1.37007616E8
1.3890304E8
1.51472128E8
1.63113472E8
1.69786368E8
1.7032704E8
1.80893184E8
1.79092992E8
1.69328128E8
1.5612928E8
1.443968E8
1.28886784E8
1.19341568E8
1.09039616E8
1.04418304E8
1.00193792E8
8.9394688E7
7.6146176E7
7.0664704E7
6.9138432E7
6.1080576E7
5.974784E7
5.3866496E7
5.0445824E7
5.2790272E7
5.0648064E7
4.3956736E7
3.9084032E7
3.026176E7
2.6795008E7
3.0928896E7
3.0032384E7
3.007232E7
2.9804032E7
2.9619712E7
3.5165696E7
2.9190656E7
3.8011904E7
3.8084096E7
3.6176896E7
2.4672768E7
3.082752E7
3.0048768E7
2.9710336E7
2.4973312E7
1.7623552E7
1.4066688E7
1.548288E7
8991744.0
9456640.0
1.6105984E7
1.940224E7
2.2565888E7
1.9233792E7
6980096.0
1.0085888E7
1.8761728E7
2.6875392E7
2.9134848E7
3.3245696E7
2.7219456E7
2.2514688E7
2.6660352E7
3.3097216E7
2.9333504E7
3.2939008E7
3.154944E7
2.603776E7
1.5855104E7
1.3204992E7
1.7152E7
1.941504E7
2.5357312E7
3.5044864E7
3.715328E7
3.4195968E7
3.3598976E7
3.5720704E7
3.245312E7
3.6587008E7
4.2444288E7
2.8783616E7
2.025472E7
1.9019264E7
3.2781312E7
3.4691584E7
3.21152E7
3.224832E7
2.9756416E7
3.402752E7
3.0671872E7
2.7618816E7
3.1212544E7
1.8237952E7
1.807616E7
1.9258368E7
2.1949952E7
2.429184E7
3.2277504E7
2.8056064E7
2.0809728E7
1.4440448E7
2.4716288E7
3.2930304E7
3.5978752E7
2.4901632E7
2.0040192E7
2.6394112E7
2.5544192E7
2.7730432E7
2.9540352E7
1.2594176E7
1.0626048E7
1.7221632E7
2.08896E7
1.7225728E7
1.8031616E7
6145536.0
4900864.0
537088.0
1737728.0
9089536.0
1.2059136E7
9863680.0
2.3012864E7
2.2555648E7
1.8222592E7
1.315328E7
7162880.0
1.3284864E7
9227776.0
1.0481664E7
1.6464384E7
2.6471936E7
1.8772992E7
7806976.0
5817856.0
4714496.0
2043904.0
1.1226624E7
1.3224448E7
1.4140416E7
4672512.0
8054272.0
1.4319616E7
2.4492544E7
1.6890368E7
9966080.0
1.1687936E7
9681920.0
1.2911104E7
1.7032192E7
1.1399168E7
2.4828416E7
3.1055872E7
3.1067648E7
2.4203264E7
2.2796288E7
1.740288E7
1.2376576E7
1.938176E7
3.1442944E7
3.0134272E7
2.96704E7
2.518272E7
2.4994304E7
2.6420224E7
3.1673856E7
3.0022144E7
2.655232E7
3.0485504E7
2.9477888E7
2.1948928E7
1.5466496E7
9067520.0
9395200.0
1.8877952E7
1.8113024E7
1.702144E7
1.2599808E7
6692352.0
6636032.0
9520128.0
1.016576E7
8507904.0
9559552.0
9863168.0
1.5002624E7
2.2652928E7
2.256128E7
1.8553856E7
1.6262656E7
1.5847424E7
1.6991232E7
2.408448E7
2.594816E7
2.8125696E7
2.7530752E7
2.4747008E7
2.2529024E7
2.3860224E7
1.8531328E7
1.9235328E7
1.092864E7
1.168128E7
1.0569728E7
1.354752E7
1.4401024E7
1.2980224E7
1.0916864E7
7874560.0
5849088.0
9946112.0
1.6774656E7
2.184704E7
2.1446144E7
1.605376E7
1.8658304E7
2.8102144E7
2.9617664E7
2.8626432E7
1.5025152E7
1.0167296E7
1.9717632E7
1.7442816E7
1.819136E7
3.2382976E7
2.5998848E7
2.0555776E7
7278080.0
1.211136E7
1.4472192E7
1.454336E7
1.5675904E7
1.3960192E7
1.340416E7
1.670912E7
1.8805248E7
1.8432512E7
1.0235392E7
1.0072064E7
1.7562112E7
1.7639424E7
2.38336E7
1.9318272E7
1.241344E7
1.1139072E7
1.26976E7
1.3948928E7
1.5524352E7
1.4034944E7
1.7814016E7
1.0205696E7
1.4860288E7
2.5543168E7
3.3993216E7
2.6860032E7
2.0886016E7
1.784832E7
2.4328704E7
1.5274496E7
2.2203392E7
2.0981248E7
1.9764736E7
1.936128E7
1.436672E7
6502912.0
1.2269056E7
2.0275712E7
3.1842816E7
3.2382976E7
2.8016128E7
1.8070016E7
6208000.0
5345792.0
1.1631616E7
1.0090496E7
1702912.0
5067264.0
9981952.0
9491968.0
6095872.0
1.4644736E7
1.4299648E7
1.49632E7
1.759488E7
1.5726592E7
1.946624E7
1.2863488E7
9669120.0
9477120.0
5651456.0
8952320.0
1.2172288E7
1.0989056E7
8828416.0
9540096.0
2.395392E7
3.2861696E7
3.1622144E7
2.7470848E7
2.4492032E7
2.1165568E7
1.3677056E7
2.1705216E7
2.5369088E7
2.7369472E7
2.4904704E7
2.5235968E7
1.8427904E7
1.5928832E7
8836096.0
1.4886912E7
2.7047936E7
3.1640576E7
2.5640448E7
2.0683776E7
1.5454208E7
1.0801152E7
6342656.0
1.2753408E7
8684032.0
6116864.0
1.204224E7
1.5448064E7
6716928.0
1.193984E7
1.7770496E7
1.6111616E7
8300032.0
9099264.0
8279040.0
-218112.0
3729408.0
1.4263296E7
1.4664192E7
9698816.0
-1634304.0
2907648.0
6822912.0
8655360.0
1.1669504E7
1.246464E7
2.1005824E7
1.9283456E7
1.4329344E7
1.3161984E7
1.4907392E7
2598912.0
6204928.0
9758208.0
-2782720.0
-6115840.0
282624.0
4068864.0
6870016.0
8867840.0
1.5537664E7
5839872.0
-2121728.0
3582976.0
5954560.0
-361472.0
2785792.0
2771968.0
3832832.0
4500480.0
3635200.0
-2178048.0
6923264.0
1.2430848E7
1.3927936E7
3729408.0
3758080.0
5584896.0
8362496.0
4769792.0
3340800.0
-4990464.0
-6214656.0
-3003904.0
-4172800.0
3126272.0
1440768.0
-2175488.0
-3198976.0
-3562496.0
3015680.0
434176.0
-5372416.0
-9798656.0
-1488896.0
1.0202624E7
7149056.0
8239616.0
5897728.0
1593344.0
4279296.0
6160384.0
-1230848.0
-1839616.0
-507392.0
4851200.0
6540800.0
8026624.0
1.16736E7
2521088.0
-6129152.0
-1910272.0
3466240.0
6062592.0
1.0108928E7
9219584.0
4209152.0
8125440.0
-127488.0
775680.0
2364928.0
-420352.0
-1237504.0
-5534208.0
-1.0113536E7
-3752960.0
-4096000.0
-162816.0
-4300288.0
-3092992.0
-2178048.0
1049088.0
-1609728.0
-3810304.0
-8469504.0
111104.0
9295872.0
2117120.0
-6014976.0
-5052416.0
-317952.0
7175168.0
7590912.0
6230528.0
9206272.0
1.46304E7
-677888.0
-7411712.0
-1.118208E7
-1.9173888E7
-1.5702528E7
-4422656.0
-908800.0
-1145344.0
5221888.0
2592768.0
998400.0
-5017600.0
6208000.0
1.686272E7
1.6512E7
3776000.0
7808000.0
-6626304.0
-1.7636352E7
-1.2496896E7
-6981120.0
-7498752.0
-5882368.0
-9278464.0
-1.174272E7
-1.1743232E7
-8569344.0
954880.0
-207360.0
1962496.0
8092160.0
4302848.0
-386560.0
-5785600.0
-4365824.0
-3503104.0
-6046208.0
-6482944.0
-1518592.0
-4557824.0
3540992.0
1.1079168E7
1.327104E7
-7210496.0
-1.1024384E7
1784832.0
1.1226112E7
3630080.0
1455616.0
2989056.0
-1453056.0
6083584.0
5184000.0
-137216.0
2242560.0
4014592.0
3419136.0
-542208.0
-6113280.0
-6086656.0
-6750208.0
-9070592.0
-8781312.0
-4566528.0
2903040.0
736256.0
-7991296.0
184320.0
-2143744.0
-7071744.0
-1.0826752E7
-3453952.0
-1553408.0
-5749248.0
-1.1685888E7
-3042304.0
-2807296.0
-363008.0
-8162816.0
-7002112.0
-1724928.0
9313280.0
6611968.0
5844992.0
990208.0
228352.0
3805696.0
-5316096.0
-1.2790784E7
-5311488.0
846336.0
1272320.0
2037760.0
-4609536.0
-6719488.0
-773120.0
1.0315264E7
8590848.0
6957568.0
7351296.0
1.1854336E7
1.5836672E7
1.5083008E7
4042752.0
2481152.0
9841152.0
4943872.0
-2890240.0
6077440.0
1.0751488E7
867840.0
-8441344.0
-8898560.0
-611328.0
2669568.0
3133952.0
-354816.0
4227072.0
6363648.0
-6152192.0
-3716096.0
5374976.0
8259584.0
-647680.0
172032.0
1.019648E7
3511808.0
-6240256.0
-2537472.0
-6870528.0
-2099200.0
-444416.0
6477312.0
7647232.0
1.0374144E7
8720896.0
8379392.0
2277376.0
-5187584.0
3811840.0
1.6349696E7
1.3153792E7
1.0778624E7
1.0131456E7
8193024.0
3848704.0
8471040.0
8133632.0
1808384.0
6728704.0
7741952.0
6681088.0
6524416.0
9524224.0
4218368.0
6944256.0
6394368.0
6667776.0
1.7903104E7
1.0652672E7
1940992.0
8678912.0
-7626240.0
-8336384.0
-2737664.0
6304768.0
-361984.0
-4211712.0
-4226560.0
-3651072.0
3511808.0
1.1632128E7
1.3112832E7
7575040.0
2495488.0
2490368.0
4869120.0
-1590272.0
-2980864.0
-2076672.0
4912640.0
4378624.0
2299904.0
1036800.0
-1277440.0
-6618624.0
-1098752.0
3383296.0
-3099136.0
-7316992.0
-1.0860032E7
-1.3956608E7
-2890752.0
3099648.0
6705664.0
5383168.0
1229824.0
-2685440.0
3328000.0
4391936.0
-2957312.0
3840000.0
9165312.0
1.1313152E7
2722304.0
-1530368.0
5291520.0
7033344.0
-349184.0
-1538048.0
-7549440.0
-7777792.0
258048.0
6249472.0
3394560.0
2502144.0
330240.0
-1835520.0
-5976576.0
-7993856.0
-928768.0
2939904.0
-1926144.0
-568320.0
4506112.0
1.4074368E7
7246336.0
7126528.0
5865984.0
1539072.0
7952384.0
7491072.0
5908992.0
5882880.0
4922368.0
260096.0
5806592.0
5607424.0
1.4491136E7
1.0912768E7
4839424.0
-1336320.0
-3854336.0
-1257984.0
-5126144.0
-8086016.0
-1507328.0
2314240.0
969216.0
7378432.0
3094016.0
2045440.0
-4311040.0
-9888768.0
-1.242112E7
-1.466112E7
-1751040.0
-2200064.0
-1.090048E7
-7327744.0
-5458432.0
-4937216.0
-3634176.0
-3380736.0
271360.0
509440.0
4792320.0
3129344.0
-2121728.0
-1.4656E7
-9484288.0
-1499648.0
-646144.0
-3043840.0
9898496.0
8433664.0
-7513088.0
-6146048.0
-8486912.0
-1.3423104E7
-1.0714112E7
-1.7448448E7
-1.5718912E7
-3668992.0
-5475840.0
-5594112.0
-1.1874816E7
-1.3057536E7
-4607488.0
198656.0
7917568.0
1.0522112E7
4761088.0
-1309696.0
-605696.0
-1224704.0
-8033792.0
-318976.0
1741824.0
1208832.0
1228800.0
-1978368.0
1202176.0
7750144.0
8946176.0
6550016.0
3745792.0
2443776.0
-9563648.0
-558080.0
3477504.0
1825792.0
6048768.0
1.377792E7
1.213696E7
1.419264E7
1.1076096E7
132608.0
-7729152.0
-1.4327808E7
-1.220864E7
-1.43232E7
-8764928.0
8436736.0
1.51424E7
1.5161344E7
2.4376832E7
2.1609472E7
7434240.0
5676544.0
4844032.0
8150528.0
9164288.0
1.070592E7
8529408.0
3156992.0
-1890816.0
-1531904.0
-1331712.0
1342976.0
6840320.0
553984.0
2814976.0
9590784.0
5104640.0
1.0216448E7
1.7716224E7
9037824.0
6329856.0
-4057600.0
-7459840.0
-6878720.0
-2468352.0
-2050048.0
2726400.0
3304448.0
6299136.0
6290944.0
2539008.0
5902848.0
1.4444032E7
8180736.0
-1796608.0
-282112.0
-1861120.0
-7094784.0
-3904512.0
-6711296.0
-9431040.0
-8615424.0
-5047296.0
-6343168.0
-9512448.0
-5286400.0
3539456.0
1875456.0
-8540672.0
-7984640.0
4078080.0
4958720.0
-3091456.0
-8409088.0
-6911488.0
2783232.0
-3516928.0
-4982272.0
-4957696.0
4266496.0
1.138944E7
3065856.0
6707712.0
6623232.0
-547328.0
1652224.0
2334720.0
-1817088.0
-3239936.0
-7603200.0
-1.2600832E7
-1.4894592E7
-1.3236736E7
-7716864.0
-2723328.0
-1473536.0
8481792.0
9807360.0
8778240.0
1.2483072E7
2213888.0
-3131904.0
-5040128.0
4437504.0
418816.0
-9210368.0
-1.008896E7
-8272384.0
-3610624.0
91648.0
-5025792.0
-7843840.0
-1.1951104E7
-7676928.0
-4480512.0
-2449408.0
-4701696.0
-335360.0
-3683328.0
-8056320.0
-8406016.0
-2698752.0
497664.0
164864.0
-4758016.0
-9110528.0
-4756480.0
-1491456.0
4930048.0
519168.0
4587520.0
5758976.0
8800768.0
7613952.0
2774016.0
8928256.0
1.2619264E7
9162752.0
37888.0
5061632.0
4807680.0
835072.0
254976.0
-3843072.0
-6621184.0
-1.996288E7
-1.833216E7
-2188800.0
4726272.0
9746432.0
1.023488E7
-2184192.0
-654336.0
6011392.0
-996864.0
-7662080.0
-1.0372096E7
-4692480.0
2162688.0
-4352512.0
3049472.0
2713600.0
565248.0
-3529728.0
-2690560.0
-3291136.0
887808.0
2564608.0
-2887680.0
-1613312.0
-1447424.0
-6700032.0
-2101248.0
-81408.0
-1.0361344E7
-1.1010048E7
-6387200.0
-9184256.0
-7344128.0
-3501568.0
-1792000.0
1235456.0
4352512.0
3666432.0
1.3954048E7
1.166592E7
-2829312.0
-4785152.0
-3351040.0
-9127424.0
-6471168.0
-8675840.0
-1.0142208E7
-6211072.0
-5429248.0
-5253632.0
-4871680.0
-3888640.0
-1.1812352E7
-2732544.0
-7581696.0
-6513152.0
-7064576.0
-7004672.0
-7293440.0
-7980032.0
-7674880.0
-6089728.0
-1142784.0
4756992.0
2554880.0
-5826560.0
-1.0371584E7
-1.290752E7
-1.9951616E7
-2.0977664E7
-9621504.0
4955648.0
4271616.0
4748288.0
4427264.0
4678656.0
2337280.0
-4460032.0
-1.3797888E7
-3485184.0
7620096.0
2384896.0
-3141632.0
501760.0
2115584.0
-1739776.0
1949696.0
2718208.0
-4327424.0
-1937920.0
551936.0
-4457472.0
2537984.0
1.284096E7
1.08032E7
9263616.0
7395328.0
-8198656.0
-4370432.0
7680.0
8602624.0
1.3266944E7
1.2416E7
8393728.0
5331968.0
-1816576.0
-1758720.0
-4835328.0
-1.4085632E7
-6752256.0
-409600.0
7844864.0
6429184.0
6558720.0
5175296.0
3344896.0
7603200.0
1028608.0
4644864.0
9610240.0
3192832.0
-3952128.0
1081344.0
-5811200.0
-5803008.0
-1070592.0
-2178560.0
-1.0221056E7
-1.136896E7
-3950592.0
-952832.0
4744704.0
5883392.0
2736640.0
8663552.0
1.0566144E7
2852864.0
-8837632.0
-4941312.0
-6062080.0
-1.1051008E7
-8487936.0
-8899584.0
-1.0876928E7
-1.2293632E7
-5714432.0
-2164736.0
-3795456.0
-1162752.0
-4420608.0
-1.264896E7
-5051904.0
-5090304.0
-1.2116992E7
-1.6373248E7
-1.5901184E7
-5984768.0
-4292608.0
-7439872.0
-1.5995904E7
-1.5562752E7
-1.0369024E7
-4812800.0
1609728.0
-1.006336E7
-1.055488E7
-4928512.0
792064.0
131072.0
-4787200.0
-2867712.0
-5171200.0
-4698112.0
5869568.0
-1548800.0
409088.0
2866688.0
1933824.0
-2679296.0
-3224576.0
-2075648.0
5079040.0
6292480.0
8602624.0
7669248.0
4216320.0
-3210240.0
2441728.0
7546368.0
-2067456.0
-434176.0
1189376.0
-1012224.0
-8632832.0
-1.0945536E7
-7323648.0
-1.8331648E7
-1.7885184E7
-6865408.0
-1319424.0
2427392.0
4804608.0
4790272.0
39424.0
7729664.0
5349888.0
1282048.0
-2787328.0
-3304448.0
-1173504.0
-1147904.0
-9756672.0
-1.5409152E7
-1.7088E7
-1.207808E7
-8132608.0
-4884992.0
-1.0601984E7
-2797568.0
-238592.0
-1.0681856E7
-9414656.0
-6249984.0
-8253952.0
-3182592.0
958976.0
-350720.0
709632.0
5899776.0
5890048.0
1.1134976E7
1.3211648E7
2597888.0
-1079808.0
675328.0
4235776.0
-4868096.0
-7821824.0
-5643264.0
-6406144.0
-1.0605056E7
-9356288.0
-9286656.0
-1.1117568E7
1457152.0
-2235392.0
-1471488.0
4862976.0
2767872.0
2017792.0
4307968.0
9355264.0
1.115392E7
2142720.0
-1043968.0
9878528.0
1.4191104E7
6893568.0
5020672.0
4170240.0
6031360.0
7848960.0
4782080.0
-4321792.0
-1.2806656E7
-7835648.0
-3859968.0
-9570816.0
-1.1419136E7
-1.0273792E7
-1.3220864E7
-4539392.0
5322240.0
8542720.0
6174208.0
3389952.0
-1704960.0
6447104.0
6365184.0
4382720.0
5465600.0
-3472896.0
-3014144.0
-3699712.0
-9871872.0
-1.0686976E7
-8149504.0
-4194816.0
-6727168.0
-9522688.0
-8133120.0
1112576.0
3145216.0
922112.0
-3665408.0
-2146304.0
-832512.0
1948160.0
1.0215936E7
1.5420416E7
7096832.0
1.0382336E7
5392896.0
-6051840.0
-3194880.0
-1487360.0
-1429504.0
2843136.0
-6303744.0
-7798272.0
-796160.0
3981824.0
3110912.0
2737152.0
-3552768.0
-3803136.0
-898048.0
2573824.0
3731456.0
1963520.0
5727232.0
1.1339264E7
8605184.0
31232.0
-638464.0
-3586560.0
3162624.0
-6098944.0
-2439168.0
1086976.0
6336512.0
-2915328.0
-1964032.0
-6206976.0
-1.2753408E7
-1.2419072E7
3988480.0
8102912.0
5342208.0
7004160.0
7516160.0
1391104.0
2058240.0
1286144.0
2904064.0
-5956608.0
-8691200.0
-1.0157056E7
-9379328.0
-1476608.0
6384640.0
3698176.0
-6710272.0
-5718528.0
-6210048.0
1355264.0
1.1791872E7
6604800.0
-4751872.0
6822400.0
7846400.0
7261184.0
3672576.0
9225216.0
7953408.0
1.5529984E7
1.8259456E7
1.9126272E7
1.9914752E7
2.3973888E7
2.8089344E7
3.4934272E7
4.3201536E7
4.690688E7
6.1515264E7
8.5517824E7
1.02582272E8
1.16276224E8
1.3327616E8
1.56198912E8
1.7981696E8
2.13846016E8
2.42961408E8
2.669184E8
2.68054528E8
2.44675072E8
1.9985152E8
1.47076608E8
1.13707008E8
9.497344E7
8.1083392E7
6.6230272E7
5.7894912E7
5.1402752E7
4.438272E7
3.8062592E7
3.5307008E7
3.0152192E7
2.6153984E7
2.902016E7
3.3652736E7
3.555072E7
3.033344E7
2.1247488E7
1.5455232E7
1.7150464E7
1.7776128E7
1.6431104E7
7931904.0
-4069376.0
-6290432.0
3242496.0
7153664.0
1358848.0
2504192.0
5663232.0
2386432.0
-6275072.0
-968192.0
253440.0
-9790976.0
-1075712.0
3971584.0
5393920.0
1.6129024E7
1.2494848E7
2757632.0
-2329600.0
2907136.0
2164736.0
-769024.0
1914368.0
8636928.0
2673664.0
-1131520.0
-3529728.0
28672.0
-6168576.0
-1.1877888E7
-8523776.0
-9316352.0
-7436800.0
-4029440.0
-4067840.0
-310272.0
7405568.0
4699648.0
1720320.0
-4443648.0
-1.0076672E7
-1.0698752E7
-6982144.0
2191360.0
-1512448.0
8022016.0
1.1186176E7
9025024.0
540672.0
3163648.0
5660672.0
3815424.0
4527104.0
2942976.0
-6481920.0
-1.3514752E7
-1780736.0
-6214656.0
-9117696.0
-9991680.0
-2356736.0
1874432.0
781312.0
444416.0
5185024.0
3256832.0
6618624.0
5400064.0
3212288.0
4977152.0
4080640.0
8188416.0
4624384.0
-2325504.0
-3863552.0
-2569728.0
6848000.0
1.0436096E7
3865600.0
-4243968.0
-1428480.0
1464320.0
5056000.0
2423296.0
-268800.0
1417216.0
1.1602432E7
1.79584E7
1.4125056E7
1.3289472E7
1.1084288E7
927232.0
2667520.0
7561216.0
5650944.0
1348608.0
-984576.0
6681088.0
2.0109312E7
2.0196864E7
5779968.0
3868672.0
-938496.0
-9725952.0
-1.2180992E7
-1.2095488E7
-7498240.0
-1293824.0
-3330560.0
-5572608.0
-5208576.0
-896512.0
-1562112.0
-1624576.0
-2829312.0
96768.0
-2646528.0
-1.1692032E7
-6294016.0
-7343104.0
-5979136.0
478720.0
-6405120.0
-5933056.0
6568448.0
2279936.0
2631680.0
4076032.0
170496.0
-4909056.0
-1.0352128E7
-8779264.0
-7479808.0
-5426176.0
-6348288.0
-4921856.0
-291328.0
8899584.0
5812224.0
-2259968.0
-5491200.0
-1.0864128E7
-7859712.0
5676544.0
695808.0
4361728.0
7751168.0
-4955136.0
-9163776.0
1839104.0
729088.0
-969216.0
-650240.0
-1887232.0
-5662720.0
-1.4801408E7
-1.407488E7
-7743488.0
-1.66016E7
-1.6752128E7
-1.0617344E7
-4364288.0
-2896896.0
-4904960.0
-8507904.0
-5526528.0
-2332160.0
870400.0
236032.0
-3326464.0
-22016.0
-3044864.0
-5557760.0
-1.0675712E7
-6279680.0
-7010816.0
2326528.0
2.1254656E7
1.2073472E7
-1209344.0
-1078784.0
-5585408.0
-2261504.0
1372160.0
-536576.0
-2142720.0
1932288.0
529408.0
2395648.0
-5471744.0
-3677184.0
-706048.0
-3631616.0
1450496.0
-1856512.0
2036224.0
9919488.0
-5774848.0
-9723904.0
-1.0371584E7
-2997248.0
-4687360.0
4604416.0
7151104.0
9435136.0
-317440.0
-1629184.0
984064.0
-3731968.0
-6284800.0
-1.2747264E7
-6395904.0
3792384.0
8213504.0
4342272.0
604672.0
-2639360.0
8314368.0
1.1157504E7
1.1851776E7
8530944.0
7652352.0
3869184.0
6625280.0
6474752.0
9756160.0
5231616.0
-875008.0
-1243136.0
-1466880.0
-7921152.0
1346560.0
8991232.0
1.2105728E7
3070976.0
-2652672.0
-6022656.0
-3149312.0
-3870720.0
2896896.0
6716928.0
-4442624.0
-8934912.0
-9175552.0
-1.4416384E7
-1.2236288E7
-1442304.0
1.1523072E7
1.0053632E7
935424.0
-4516864.0
-1.0177536E7
-6412800.0
1960960.0
7707648.0
4599296.0
1.2319232E7
9237504.0
4334592.0
5017088.0
1863680.0
1685504.0
3055104.0
8089600.0
1.0310656E7
7495168.0
5350912.0
7816704.0
2165760.0
-7566336.0
2280448.0
2871296.0
4531200.0
6206464.0
5902336.0
3213824.0
-9290240.0
-4883968.0
1.689088E7
2.4080896E7
2.1216768E7
1.2299776E7
1.954304E7
1.8080768E7
4210176.0
-1516032.0
-3035648.0
-1156096.0
-5543936.0
-8473088.0
2664448.0
1.4551552E7
1.2806656E7
3459072.0
-6400000.0
-9164288.0
-8440832.0
-6321664.0
4561920.0
1.1641344E7
1.4742016E7
9434112.0
5863424.0
6530560.0
243712.0
6931456.0
1.193984E7
5268480.0
1959424.0
-1247232.0
5641728.0
1.6027648E7
1.339904E7
7175168.0
2958848.0
2844160.0
1.0610176E7
4731392.0
-7432192.0
-6724096.0
3166720.0
-3258880.0
-7064576.0
249856.0
-2454528.0
-1347072.0
826880.0
-2361344.0
-1.060352E7
-5067264.0
-5096448.0
1181696.0
1943040.0
-1.1265536E7
32768.0
7852032.0
3290624.0
1.2726272E7
7617536.0
121856.0
-2525696.0
7112704.0
9340928.0
5688832.0
3516928.0
-1290752.0
-6503936.0
-7612416.0
-1547264.0
-3886080.0
-3687424.0
-6517248.0
-5083136.0
-2393600.0
4805120.0
1.1665408E7
1862656.0
4883968.0
8009728.0
6775296.0
6793216.0
7033344.0
1.1229184E7
1.4175744E7
6530048.0
-2094080.0
879104.0
-4794880.0
-9967104.0
-6365696.0
-6818816.0
-1.1301888E7
-9422848.0
-1.4214656E7
-1.5021056E7
-1.2430848E7
-1.3134848E7
-4720640.0
-5838848.0
-1.1042304E7
-6533120.0
-6738944.0
-6946304.0
-4542976.0
-1.0255872E7
-7077376.0
-9772032.0
-1.9331072E7
-7610368.0
-4610048.0
-1.2698112E7
-4584960.0
1605120.0
-365568.0
-1846784.0
-1.2960768E7
-1.4188032E7
-3638784.0
7331840.0
1.1890688E7
8595968.0
7357440.0
1.2864E7
2045952.0
2441728.0
1.0577408E7
8860672.0
4582400.0
4275712.0
4985856.0
-5388288.0
-3674112.0
-3598848.0
-1190912.0
7983616.0
-1376256.0
-6578688.0
-9600000.0
5983232.0
8470528.0
-6688768.0
-6571008.0
-8374784.0
-6567936.0
-9187840.0
-6656000.0
-1.3096448E7
-1.4847488E7
-1.0377216E7
-6112768.0
-308224.0
3032064.0
413696.0
5489152.0
8825344.0
-2188288.0
-8856576.0
-4301312.0
54784.0
-3033088.0
-175616.0
743936.0
1413632.0
-1194496.0
-4814848.0
-6033408.0
-920064.0
1331200.0
-2619392.0
-2711040.0
9494528.0
5217792.0
9111552.0
1.816576E7
7241216.0
5827584.0
9900032.0
8844288.0
6283776.0
6507008.0
1.6399872E7
2.6627584E7
1.5885824E7
6863360.0
1440768.0
3958272.0
5121536.0
9421312.0
1.4134784E7
1.9143168E7
2.03392E7
1.1919872E7
5893632.0
6087680.0
5330432.0
4000256.0
315392.0
4588544.0
7464960.0
1.2414976E7
7596032.0
4770304.0
-7860736.0
-7307264.0
512.0
5451776.0
9038848.0
2765312.0
1674240.0
-1.1286528E7
-8077312.0
-1919488.0
3469824.0
6207488.0
428032.0
-2740224.0
-3011584.0
510464.0
-698880.0
-3546112.0
-570880.0
1991168.0
1.0755584E7
1.85856E7
1.6769536E7
8337920.0
5028352.0
-3630592.0
-5105664.0
-1488896.0
7122944.0
4303872.0
4657664.0
7423488.0
8356864.0
4215808.0
1038336.0
3065344.0
1007616.0
-2378752.0
4985856.0
8005632.0
9168896.0
6862336.0
4216832.0
3216384.0
7897088.0
1.7279488E7
1.5225856E7
5309952.0
-2189824.0
-3160064.0
-8073728.0
-8429056.0
-167936.0
649216.0
-4288000.0
-4884992.0
-3445248.0
2280448.0
1.0145792E7
4049920.0
-4350976.0
3778560.0
8307200.0
9589248.0
5596672.0
1558528.0
4189696.0
5009920.0
-3998720.0
-3270656.0
454144.0
7353856.0
1.231104E7
1.1995136E7
3815936.0
-2133504.0
-1740800.0
3258880.0
8038912.0
8110592.0
-185856.0
7227392.0
1.0113024E7
5015040.0
2253824.0
2969600.0
1.0555392E7
1.1721728E7
1235456.0
-403456.0
-272384.0
-454656.0
2139648.0
1604096.0
5757440.0
1.042432E7
7163904.0
6986752.0
246272.0
-752640.0
1634304.0
4859904.0
1.5202816E7
2639360.0
3777024.0
4393984.0
8118272.0
8751616.0
1.120256E7
1.2614656E7
2.0934144E7
2.5631232E7
1.938688E7
8540160.0
7035392.0
9775104.0
5833216.0
3203072.0
-1255936.0
-1086976.0
5261312.0
9799168.0
9629184.0
2.181888E7
2.02112E7
1.1584512E7
8394240.0
1.0574848E7
8364032.0
-924160.0
-6811136.0
-8098816.0
-1.2976128E7
-1.3204992E7
-9027584.0
-1.0981376E7
-5530624.0
-6430720.0
-4109824.0
6758400.0
1.1177472E7
5160960.0
-7463424.0
-1.374976E7
-1.8335232E7
-1.196544E7
-2665472.0
1479168.0
1613312.0
633856.0
-6859264.0
-5004288.0
-1700352.0
8392704.0
1.1144704E7
-2753024.0
-1575424.0
-4007424.0
-1450496.0
-9457664.0
-2288640.0
-660992.0
7397376.0
7616512.0
2584576.0
-1503232.0
-6071808.0
4788736.0
1.28384E7
5466112.0
307200.0
1137664.0
2200064.0
6083584.0
6396416.0
3186176.0
533504.0
5625344.0
4248576.0
6331392.0
5854208.0
-1402880.0
-368128.0
1.5504384E7
5959680.0
2165248.0
4719104.0
5711872.0
-3707392.0
-299008.0
-1147392.0
-8670208.0
-9427456.0
-1.4096896E7
-1.3241856E7
-5827584.0
-2486272.0
-5970944.0
-3873792.0
1921536.0
8564224.0
1.1380224E7
1.6252928E7
5891072.0
-3661312.0
-5168128.0
-8407552.0
-2189312.0
6550016.0
3721728.0
1460736.0
473088.0
-188928.0
7047168.0
5150720.0
9065472.0
1.15328E7
-923648.0
-1.127424E7
-5708288.0
7608320.0
6664704.0
7545344.0
1.669376E7
2.066688E7
1.9580928E7
1.567488E7
2348032.0
-5887488.0
2350080.0
-4237824.0
-3066368.0
-3932672.0
-9495552.0
-1.0494976E7
-8598528.0
1.2739584E7
1.1256832E7
4043264.0
5966336.0
6820352.0
8070144.0
998912.0
-2238976.0
-9641472.0
-8167424.0
-1451520.0
-6042624.0
366080.0
1331200.0
-1946112.0
-3822592.0
-8227328.0
-3774464.0
6967808.0
55296.0
5034496.0
5000704.0
2251264.0
9388544.0
1.3873152E7
1041408.0
-8199680.0
-2540032.0
2697216.0
-1517056.0
-5329920.0
-7441408.0
-752128.0
2404352.0
5443584.0
980480.0
5176832.0
9490944.0
6129664.0
7878144.0
9168896.0
1.4820352E7
1.1591168E7
1.1769856E7
9336320.0
5803520.0
1.0507264E7
1.0865664E7
1.0344448E7
1.460992E7
6523392.0
5248512.0
4957184.0
3828736.0
-1425920.0
-2927104.0
-6393856.0
-2848768.0
-4799488.0
2389504.0
6532608.0
7334400.0
3121152.0
-6282240.0
-5398528.0
1617920.0
-5698048.0
-2384896.0
-2842624.0
-9780736.0
-1259520.0
9538560.0
1.246976E7
1.0467328E7
3027968.0
6687744.0
9394176.0
7792640.0
1902592.0
-8404480.0
-6771712.0
3684864.0
1.8092032E7
7986176.0
-4381696.0
-3715584.0
-6448128.0
-6017536.0
-1918464.0
8649216.0
1.4420992E7
4747776.0
4950016.0
5619712.0
7666688.0
1247744.0
-5816832.0
-5198336.0
3206656.0
9598976.0
5314560.0
-4257792.0
4411392.0
1.183744E7
1.5634944E7
1.1093504E7
911872.0
-1112064.0
4169728.0
6247424.0
1894912.0
881664.0
-5031936.0
-3802112.0
899584.0
-7299584.0
-8924160.0
-1906688.0
1838080.0
-583168.0
-7764480.0
2524672.0
1.2509184E7
517632.0
2772480.0
39936.0
-4260352.0
-9407488.0
-7271424.0
-3753984.0
8704.0
-579584.0
-953344.0
-4575744.0
4101632.0
1.2516864E7
-568832.0
-5028864.0
3118080.0
7190016.0
1.0525696E7
1.0948608E7
7132160.0
9914880.0
7819776.0
2308608.0
-5865472.0
-1663488.0
-5538304.0
-4149248.0
487424.0
9518592.0
8512000.0
-1304064.0
-7653888.0
240128.0
2280960.0
-259072.0
-2232320.0
-5419008.0
-8515072.0
-1.5236608E7
-1.5926272E7
-3369984.0
-2429440.0
-4733952.0
-9009664.0
-3342336.0
-232960.0
-352768.0
-3000832.0
-2671616.0
-9251328.0
-2192896.0
6772224.0
4908544.0
8025600.0
1.225984E7
1.4281728E7
-75776.0
4419072.0
4795392.0
2140160.0
-1590784.0
-2941952.0
2787328.0
-3435520.0
-7459840.0
-7756800.0
-8844800.0
-5693952.0
-1.0687488E7
-3013632.0
2256384.0
3891712.0
-946176.0
1399296.0
3104256.0
-3489792.0
-4828672.0
-5002752.0
-4690432.0
-2435072.0
-8418816.0
-9463296.0
-2234368.0
8510464.0
1.3628928E7
1.1961344E7
-1707520.0
-1529856.0
593920.0
3602432.0
9537024.0
-777216.0
-2112000.0
-4316672.0
-2220544.0
-80384.0
6090752.0
5470720.0
-3104256.0
-1936384.0
-4383232.0
-1228288.0
7617024.0
1383936.0
7196672.0
4225536.0
-813568.0
3154432.0
1149952.0
-4898816.0
-1.0752512E7
-9817088.0
4473856.0
1.0836992E7
6504448.0
1541120.0
-377856.0
4965376.0
1049088.0
5728256.0
-4169728.0
-9133568.0
-4080128.0
-1837568.0
-7872512.0
-1.6413184E7
-1.4846464E7
-1.5652352E7
-1.3613568E7
-8269824.0
-3863040.0
-734720.0
1016320.0
9306624.0
1.4345728E7
7331840.0
-1163776.0
4365312.0
5400576.0
1088512.0
-1981952.0
-4660224.0
-913920.0
-3474432.0
-1127936.0
5233152.0
5417472.0
-1189376.0
-3400704.0
4654080.0
1.2240896E7
1884160.0
1005056.0
-4881408.0
-3320832.0
9689088.0
2614784.0
-4641280.0
-4675072.0
-1.0796032E7
-5439488.0
-6758400.0
-5455360.0
-2289152.0
7639552.0
1.314816E7
7472640.0
-394240.0
-2994688.0
-2579968.0
-843776.0
8999424.0
9024000.0
2904064.0
-1.1683328E7
-1.72416E7
-8532480.0
-3913728.0
-1.082368E7
-1.5957504E7
-1.6876032E7
-1.0796544E7
-7835136.0
-5006336.0
2165248.0
2060288.0
521728.0
8921088.0
1.2728832E7
87040.0
-1.045248E7
-1.3806592E7
-1.0213376E7
-6162432.0
-1.092352E7
-5633536.0
7441408.0
1.076992E7
6201856.0
48128.0
-8522240.0
1744384.0
3829760.0
-1790464.0
-3682304.0
5584896.0
1.1812864E7
8815104.0
2867712.0
-2063360.0
-4218880.0
1881088.0
5020672.0
-2955776.0
-3767808.0
-3781632.0
3297280.0
1.5375872E7
7986688.0
1054720.0
-2012672.0
23040.0
-4386304.0
-8769024.0
-1.0025984E7
-4968960.0
560128.0
684032.0
-3848704.0
-6162944.0
-2479104.0
930816.0
5211648.0
304128.0
3712000.0
1892352.0
8761344.0
2369536.0
3909120.0
4088320.0
2410496.0
1858048.0
1657344.0
-5384704.0
-4866048.0
-186880.0
3873280.0
676864.0
-4759552.0
-528896.0
-1688064.0
974336.0
-2260992.0
-8708608.0
-7676928.0
3369472.0
8650752.0
2721792.0
2126848.0
-1335296.0
-8102912.0
3369984.0
7910400.0
3706880.0
3401728.0
-1574400.0
-3254272.0
-153088.0
1039872.0
6247424.0
1896960.0
7420928.0
3070976.0
-5386240.0
-5396992.0
-7299584.0
-1.0497536E7
-1.2743168E7
-8304128.0
-5062144.0
-825856.0
-2734592.0
-7543808.0
-1.0991104E7
-7526912.0
-1025536.0
1206272.0
-6395392.0
-1.2629504E7
-1.86368E7
-1.7446912E7
-8238592.0
-8740352.0
3144704.0
4827648.0
-1.2469248E7
-7245312.0
-5941248.0
-1.1867648E7
-7169536.0
304128.0
-2748928.0
-3066368.0
-6525440.0
-5682176.0
8916480.0
1.0476544E7
4062720.0
6967808.0
9235968.0
1.2872704E7
8278016.0
-4636160.0
-6078976.0
-3181056.0
324096.0
-1649664.0
4105728.0
3355136.0
9730560.0
4410880.0
-4369408.0
-4685312.0
-1345024.0
1603584.0
-5079552.0
-1.1608576E7
-6729728.0
-2827264.0
-4298240.0
-9892864.0
-9593344.0
-4637696.0
300544.0
3966976.0
5126144.0
3770368.0
-1723904.0
-2014720.0
-4712448.0
-2600960.0
1360384.0
-2100736.0
-3696128.0
-7582208.0
-1.0002432E7
-1.3697024E7
-9860096.0
-1771008.0
-1368064.0
-3329024.0
-164864.0
9483776.0
64000.0
-2885120.0
-2159616.0
6034944.0
6622208.0
-6984704.0
-1.1885568E7
2717184.0
415744.0
-8481280.0
-7010304.0
-4514304.0
-4723712.0
-9971200.0
-1.6478208E7
-1.5482368E7
-1.1518464E7
-6608384.0
-385536.0
-589312.0
-5444096.0
-3704832.0
2979840.0
3125248.0
-442368.0
334336.0
2413568.0
4310528.0
4533760.0
-5035520.0
503808.0
7815168.0
4248064.0
6192128.0
4244480.0
-114176.0
3360768.0
3001344.0
1641984.0
-3249664.0
-5773312.0
-1711616.0
-3539968.0
3294720.0
5103616.0
-3322368.0
657408.0
6740992.0
2158592.0
-1.2332032E7
-9242112.0
-6448640.0
-3481088.0
291328.0
871936.0
1416704.0
1149440.0
-1571840.0
-9843712.0
-1.382912E7
-9571328.0
-1.2465152E7
-1.113344E7
-4006400.0
-1793024.0
-3884544.0
-3594752.0
-1714688.0
-3289600.0
4103168.0
7516160.0
9367040.0
7149056.0
-2564096.0
-4431360.0
-5993984.0
-8278016.0
5637632.0
1803264.0
-7054848.0
-658432.0
398848.0
2487808.0
-3677696.0
-1772032.0
9391616.0
6615040.0
54272.0
-1811456.0
783360.0
3743232.0
1799168.0
-1606656.0
-2670080.0
-5668864.0
-4806144.0
-6601216.0
-1.2286464E7
-8147456.0
-5109248.0
-7256576.0
-1901056.0
-2969088.0
-3793920.0
-6974976.0
-9673216.0
-8522752.0
-4815872.0
-1338880.0
-1.323264E7
-1.3797376E7
-8796672.0
-1.2565504E7
-1.5055872E7
-4324864.0
5516800.0
6104576.0
-6198784.0
-9010688.0
-2320384.0
9316864.0
1.1043328E7
4554240.0
1505280.0
-4646400.0
-5555200.0
-1.2710912E7
-8998912.0
1582592.0
4435968.0
3357184.0
-7046144.0
-1.3803008E7
-9108480.0
-8163328.0
-7305728.0
-6819840.0
-1007104.0
-2776064.0
-2718720.0
-4349952.0
-3894784.0
-6881792.0
-3453952.0
-6557696.0
-4789760.0
585216.0
-5857792.0
-1.1362816E7
-1.2152832E7
-8288768.0
-9915392.0
-9194496.0
-1.0980352E7
-1.463296E7
-7675392.0
1608704.0
5281280.0
-1625088.0
-4720128.0
-2925056.0
-1.2412928E7
-5066240.0
1453056.0
7241216.0
1.060608E7
6091264.0
-5220864.0
-1.4954496E7
-2.00192E7
-9336320.0
-513024.0
1389056.0
8157184.0
2452480.0
-4248576.0
-7507968.0
-1.1736064E7
-1.052928E7
-1.1035648E7
-1.951488E7
-1.7500672E7
-1.17248E7
-2023424.0
7346688.0
5143040.0
3127808.0
-471040.0
32768.0
-6712832.0
-9799168.0
-1.2977664E7
-8449536.0
-8641024.0
-8460800.0
-5329920.0
-3513856.0
7518720.0
2050048.0
-308224.0
-1012224.0
-3023360.0
3672064.0
3947520.0
2105856.0
-4462080.0
-4571136.0
-6517248.0
-1.7624064E7
-8251904.0
1458688.0
-8048640.0
-7154176.0
-7187968.0
455680.0
7021056.0
2653184.0
2463232.0
-3453952.0
-8162816.0
-6665728.0
-1638912.0
-5698048.0
-1.0459136E7
-5401088.0
-2702848.0
-2598912.0
2514432.0
-2244096.0
-7974912.0
-6896640.0
-4377088.0
-4146176.0
2042368.0
6087680.0
776192.0
1991168.0
-8845824.0
-1.4210048E7
-4185088.0
-1974784.0
-1776640.0
-4442624.0
-8391168.0
-1.5033344E7
-6821376.0
-1383936.0
-3005440.0
-2643968.0
-5178368.0
-4116992.0
2001408.0
-205824.0
2460672.0
3746816.0
5211136.0
-5075968.0
-4851712.0
-1081856.0
2379264.0
9222656.0
4829184.0
199680.0
753152.0
-5483520.0
-1.2824064E7
-1.6281088E7
-1.6806912E7
-1.078784E7
-1.3480448E7
-1.0346496E7
-5603840.0
-8961024.0
-5714432.0
7681536.0
-1793536.0
-5125632.0
2991616.0
968704.0
-3945472.0
-6993408.0
-8369152.0
-9029632.0
-1.6206336E7
-2881024.0
1783808.0
9362944.0
5493760.0
1286144.0
-660992.0
3553280.0
-885248.0
-8484352.0
-943616.0
-5638144.0
-5483008.0
142336.0
-3771392.0
2580480.0
6849536.0
7698944.0
2411520.0
-2446336.0
-3282944.0
-9921536.0
-5481472.0
-8841216.0
-6878208.0
881152.0
538624.0
-4521984.0
-8882688.0
-5581312.0
-3041280.0
-7283712.0
-6456832.0
-4744192.0
-2757120.0
-7969280.0
-6554112.0
-2760192.0
-4148224.0
-1.3660672E7
-1.2204544E7
-1.4930944E7
-1.14304E7
-8390656.0
-5217792.0
-5310464.0
-1470976.0
7883264.0
2325504.0
-4003840.0
411136.0
3500544.0
4315136.0
1457152.0
-2891264.0
-3188736.0
6158336.0
4384768.0
2929664.0
-3511296.0
-1.0787328E7
-1.0537984E7
-6162944.0
-3636224.0
-3935232.0
-7436800.0
-7396352.0
-2969600.0
-9284096.0
-2458112.0
-817664.0
-2855424.0
2211840.0
1.0691584E7
1.26848E7
2612224.0
-574976.0
685568.0
-6041088.0
-1128960.0
-2776064.0
-1.00096E7
-9202688.0
-6391296.0
-5905408.0
-5419008.0
-6048768.0
-6456320.0
-1.312E7
-1.103616E7
-6022144.0
-2020352.0
-7420928.0
-7063552.0
-8915968.0
-9984512.0
-4808704.0
-265728.0
1356800.0
-3444224.0
-5711872.0
-1357824.0
2355712.0
1492992.0
2270208.0
1458688.0
4243456.0
1775104.0
-5739008.0
-3382272.0
-2840064.0
2084864.0
237056.0
-7471616.0
-4741632.0
-6753280.0
-3369472.0
-4843520.0
-7308800.0
-6094848.0
-6233600.0
-5756416.0
-1456640.0
-3578880.0
-5413888.0
-2935808.0
-1449472.0
-1977856.0
-788480.0
650752.0
-2119680.0
-8409600.0
